{
	"meas": 44,
	"meas_time": 99.83372299999998,
	"ports": 8,
	"exp_yield": 23,
	"calib": 20,
	"calib_time": 339.070126,
	"seed": 12324567,
	"total_time": 2376,
	"precision": 94,
	"covr_mtrx": [
		[
			1.0,
			0.0234433644,
			0.0263394433,
			0.0153567634,
			0.0279998656,
			0.027756355,
			0.0061193424,
			0.026061005,
			0.0198211835,
			0.0248533493,
			0.0219845386,
			0.0071059012,
			0.0226232166,
			0.0085714578,
			0.023730366,
			0.0201172748,
			0.0336293627,
			0.0141264457,
			0.0274107962,
			0.0218733117,
			0.023196783,
			0.0220158548,
			0.1003178608,
			0.1006382803,
			0.1082560594,
			0.1220982272,
			0.1032108317,
			0.1159978082,
			0.1055328161,
			0.1061801854,
			0.1138965157,
			0.1151842175,
			0.1033009802,
			0.1131728246,
			0.1082092586,
			0.1058786341,
			0.1047843117,
			0.0900659154,
			0.1125917736,
			0.1063601724,
			0.1194778166,
			0.0981463695,
			0.1088868674,
			0.1237262903,
			0.0948657797
		],
		[
			0.0234433644,
			1.0,
			0.020937041,
			0.029540367,
			0.02815786,
			0.0085886867,
			0.0237196958,
			0.0242135294,
			0.0251192905,
			0.0010082492,
			0.0104216246,
			0.0044121709,
			0.0021448305,
			0.0204219039,
			0.0112727699,
			0.0051032691,
			0.0277634121,
			0.0162966037,
			0.0212001076,
			0.0104715233,
			0.0202715914,
			0.0268289347,
			0.0958425462,
			0.101449798,
			0.0944782984,
			0.1081555309,
			0.0951967311,
			0.10456859,
			0.1026207522,
			0.0988707936,
			0.1022748841,
			0.1057515564,
			0.1103036462,
			0.1029090781,
			0.0955643062,
			0.1030132656,
			0.1074695802,
			0.1021431477,
			0.1065089911,
			0.1026056724,
			0.0952123978,
			0.1014069726,
			0.1085843955,
			0.0971974337,
			0.0733895491
		],
		[
			0.0263394433,
			0.020937041,
			1.0,
			0.0166218388,
			0.0392514523,
			0.0404184361,
			0.0084429812,
			0.0182471583,
			0.0417656355,
			0.017814917,
			0.0266965801,
			0.0235951503,
			0.0171701434,
			0.0284026153,
			0.0110340318,
			-0.0040376342,
			0.0283568581,
			0.025499972,
			0.0158415516,
			0.0217116581,
			0.0025098575,
			0.0088373953,
			0.1049175213,
			0.090666081,
			0.1034490657,
			0.0895573564,
			0.1039381037,
			0.0928810888,
			0.1043186811,
			0.0959844086,
			0.0918117168,
			0.0909407446,
			0.0932671843,
			0.0929527257,
			0.0931396517,
			0.1024109217,
			0.088490842,
			0.08687663,
			0.0905487813,
			0.1029279373,
			0.0836008651,
			0.1022196979,
			0.0905026858,
			0.0905802187,
			0.1006885961
		],
		[
			0.0153567634,
			0.029540367,
			0.0166218388,
			1.0,
			0.0174973777,
			0.01645479,
			0.0167765204,
			-0.0020399572,
			0.0092696234,
			-0.0024426663,
			0.0198602952,
			0.0156174549,
			0.0300182247,
			0.0107366149,
			0.0349519565,
			0.0275098214,
			0.0260782341,
			0.008419748,
			0.0062870275,
			-0.0077210175,
			0.0592449423,
			0.0162022672,
			0.1210856581,
			0.1135775814,
			0.1112064746,
			0.1016114566,
			0.120227346,
			0.1038725324,
			0.1086146916,
			0.1154364608,
			0.1021377028,
			0.1020301621,
			0.0990785179,
			0.1040319318,
			0.1138193932,
			0.1085616444,
			0.1020269007,
			0.0921137707,
			0.1006152421,
			0.1099322068,
			0.0953763457,
			0.1066180478,
			0.1042969516,
			0.1034373001,
			0.0707845885
		],
		[
			0.0279998656,
			0.02815786,
			0.0392514523,
			0.0174973777,
			1.0,
			0.0098933465,
			0.0189451728,
			0.0151825831,
			0.01928303,
			0.0160637654,
			0.022224093,
			0.0224254831,
			0.0163043837,
			0.0331271974,
			0.0011556189,
			0.0868652799,
			0.0120416385,
			0.0142899427,
			-0.0001103239,
			0.0434233409,
			0.0137561328,
			0.0294844156,
			0.124565421,
			0.1066097975,
			0.1235145804,
			0.1280981609,
			0.1253379178,
			0.12511125,
			0.1366744219,
			0.1142304858,
			0.1235015319,
			0.1184206039,
			0.1261285661,
			0.1234520696,
			0.1121430826,
			0.1372692,
			0.1196341285,
			0.1083030402,
			0.1208000655,
			0.1363581107,
			0.1165820622,
			0.1307640673,
			0.1180538623,
			0.1173468629,
			0.1109400681
		],
		[
			0.027756355,
			0.0085886867,
			0.0404184361,
			0.01645479,
			0.0098933465,
			1.0,
			0.0482257417,
			-0.0000966926,
			0.0201986381,
			0.0265165664,
			0.033096746,
			0.0141730169,
			0.0242582992,
			0.0382571118,
			0.0173978912,
			0.015470172,
			0.0163204864,
			0.0350792769,
			0.0174796851,
			0.021379393,
			0.025148022,
			0.0019278494,
			0.1147539521,
			0.120094207,
			0.1178143345,
			0.1154035537,
			0.1141273522,
			0.1219577362,
			0.1134934987,
			0.122090318,
			0.1202137736,
			0.124205448,
			0.1231686632,
			0.1202497283,
			0.1184500469,
			0.1147110787,
			0.118491615,
			0.1228165714,
			0.1247594336,
			0.1139874851,
			0.1089088118,
			0.120738421,
			0.1202906326,
			0.1193558995,
			0.0951235503
		],
		[
			0.0061193424,
			0.0237196958,
			0.0084429812,
			0.0167765204,
			0.0189451728,
			0.0482257417,
			1.0,
			0.0169688869,
			0.0009964138,
			-0.0033879106,
			0.0022341787,
			0.0743270008,
			0.0317801514,
			0.0157493224,
			0.0160076811,
			0.0053738846,
			0.0016136854,
			0.0522107899,
			0.0068716175,
			0.0433650641,
			0.0069311062,
			0.0204348489,
			0.1091305354,
			0.1035035502,
			0.1076133156,
			0.1126360792,
			0.1086559004,
			0.1088419769,
			0.1136993126,
			0.1020477965,
			0.1060158925,
			0.1057484753,
			0.1097414869,
			0.1060902887,
			0.1020716081,
			0.1132166834,
			0.1094771585,
			0.0990291805,
			0.1057285732,
			0.1113983744,
			0.0978882129,
			0.1109156563,
			0.1092605886,
			0.1022768022,
			0.088619401
		],
		[
			0.026061005,
			0.0242135294,
			0.0182471583,
			-0.0020399572,
			0.0151825831,
			-0.0000966926,
			0.0169688869,
			1.0,
			0.004736316,
			0.0093432302,
			0.0329222204,
			0.008226843,
			0.0157824154,
			0.0080644257,
			0.0098317711,
			0.0019111033,
			0.009132881,
			0.0282409227,
			0.0014794378,
			0.0255826158,
			0.0106487935,
			0.0207209839,
			0.0984991033,
			0.1038562455,
			0.1091106374,
			0.1157661693,
			0.0991389443,
			0.123435795,
			0.1101506719,
			0.1100500709,
			0.123275709,
			0.1048850829,
			0.1151426645,
			0.1231621688,
			0.1084192027,
			0.1110689728,
			0.1195076779,
			0.099977007,
			0.1057030322,
			0.1128155976,
			0.096587878,
			0.1012868936,
			0.1201795241,
			0.1149864349,
			0.0633150947
		],
		[
			0.0198211835,
			0.0251192905,
			0.0417656355,
			0.0092696234,
			0.01928303,
			0.0201986381,
			0.0009964138,
			0.004736316,
			1.0,
			0.0152086554,
			0.0111288898,
			0.0204980845,
			0.0113936015,
			0.0003317106,
			0.0182894048,
			0.0154092498,
			0.0278415663,
			0.0053773568,
			0.0473673911,
			0.0024683898,
			0.0215249868,
			0.0163209819,
			0.1013345224,
			0.08878277,
			0.1030995927,
			0.1011010008,
			0.1003478906,
			0.0951359864,
			0.1087186493,
			0.0889928923,
			0.0959054538,
			0.0960657334,
			0.0962287838,
			0.0949426667,
			0.0872206323,
			0.1090112497,
			0.0957763155,
			0.0858446641,
			0.0972710462,
			0.107285472,
			0.0956225735,
			0.1031722154,
			0.0972983633,
			0.0968156608,
			0.091214493
		],
		[
			0.0248533493,
			0.0010082492,
			0.017814917,
			-0.0024426663,
			0.0160637654,
			0.0265165664,
			-0.0033879106,
			0.0093432302,
			0.0152086554,
			1.0,
			0.0128728031,
			0.0452770173,
			0.0256918507,
			0.0102899281,
			0.0361333578,
			0.0033821422,
			0.0089713835,
			0.027989644,
			0.0120746703,
			-0.0022425627,
			0.0118961302,
			0.0175430179,
			0.1087603114,
			0.1044327536,
			0.1013201878,
			0.094400837,
			0.1089233301,
			0.0954520701,
			0.1017994197,
			0.104197749,
			0.0950924645,
			0.0941164472,
			0.0940565754,
			0.0935833157,
			0.1040607082,
			0.0997724856,
			0.092421802,
			0.0897945286,
			0.0931497525,
			0.0993463916,
			0.083743459,
			0.1018716585,
			0.0952177966,
			0.0923444171,
			0.1075260723
		],
		[
			0.0219845386,
			0.0104216246,
			0.0266965801,
			0.0198602952,
			0.022224093,
			0.033096746,
			0.0022341787,
			0.0329222204,
			0.0111288898,
			0.0128728031,
			1.0,
			0.0172684837,
			0.018966936,
			0.0128615359,
			0.0255450014,
			0.020893662,
			0.0170480143,
			0.029653207,
			0.0085294297,
			0.0129987022,
			0.0181764816,
			0.0462475533,
			0.1071285106,
			0.1081302104,
			0.1021886519,
			0.1158388423,
			0.1097521908,
			0.1088507257,
			0.1149804833,
			0.1056937919,
			0.1079153098,
			0.1181616196,
			0.1223248323,
			0.1097224769,
			0.1060207255,
			0.1127302302,
			0.111604521,
			0.118036448,
			0.1178140112,
			0.113512409,
			0.1051315091,
			0.114721314,
			0.111961996,
			0.1036442572,
			0.0765948419
		],
		[
			0.0071059012,
			0.0044121709,
			0.0235951503,
			0.0156174549,
			0.0224254831,
			0.0141730169,
			0.0743270008,
			0.008226843,
			0.0204980845,
			0.0452770173,
			0.0172684837,
			1.0,
			0.0161034337,
			0.0071054097,
			0.012648709,
			0.0149612835,
			0.0058396321,
			0.0002628745,
			0.0088984352,
			0.0116892868,
			0.0129027364,
			0.0179597095,
			0.0981057798,
			0.0982149524,
			0.0963457425,
			0.0838635846,
			0.0970189468,
			0.0855551481,
			0.0958107666,
			0.0878622602,
			0.0855120762,
			0.0843212983,
			0.0865469378,
			0.0849070925,
			0.0890076871,
			0.0979021195,
			0.0978413051,
			0.0824177492,
			0.0855776596,
			0.0968854089,
			0.0755807197,
			0.0983923381,
			0.0974086237,
			0.0843035234,
			0.0859769458
		],
		[
			0.0226232166,
			0.0021448305,
			0.0171701434,
			0.0300182247,
			0.0163043837,
			0.0242582992,
			0.0317801514,
			0.0157824154,
			0.0113936015,
			0.0256918507,
			0.018966936,
			0.0161034337,
			1.0,
			0.0162434309,
			0.0425748005,
			0.0077655205,
			0.0213938409,
			0.0114690018,
			0.0039646558,
			0.010986823,
			0.009839635,
			0.0310108519,
			0.1038225813,
			0.1033867563,
			0.0951722413,
			0.1089816387,
			0.1012721251,
			0.1018888823,
			0.1039068101,
			0.0980779017,
			0.1039510925,
			0.1019600985,
			0.1015186754,
			0.1019689685,
			0.0991426676,
			0.1062583888,
			0.1075133433,
			0.0871464822,
			0.1015272936,
			0.107625201,
			0.0999177473,
			0.0955083789,
			0.1053537806,
			0.097914139,
			0.100642418
		],
		[
			0.0085714578,
			0.0204219039,
			0.0284026153,
			0.0107366149,
			0.0331271974,
			0.0382571118,
			0.0157493224,
			0.0080644257,
			0.0003317106,
			0.0102899281,
			0.0128615359,
			0.0071054097,
			0.0162434309,
			1.0,
			0.01915691,
			0.010854598,
			0.0185186226,
			0.0259763404,
			-0.001131018,
			0.0091450656,
			0.0237337163,
			0.0377797794,
			0.0861073229,
			0.088934551,
			0.0831049736,
			0.0830955844,
			0.087382586,
			0.0816308568,
			0.0893536381,
			0.0771598962,
			0.0819123333,
			0.0788510706,
			0.0840258601,
			0.0816202963,
			0.0767936035,
			0.0879172133,
			0.0944512033,
			0.074647874,
			0.0780324019,
			0.0902744163,
			0.0721959712,
			0.0875974353,
			0.0932320313,
			0.0766965836,
			0.0844629973
		],
		[
			0.023730366,
			0.0112727699,
			0.0110340318,
			0.0349519565,
			0.0011556189,
			0.0173978912,
			0.0160076811,
			0.0098317711,
			0.0182894048,
			0.0361333578,
			0.0255450014,
			0.012648709,
			0.0425748005,
			0.01915691,
			1.0,
			0.0105436728,
			0.0628816069,
			0.0136977734,
			0.0229826854,
			0.0134074379,
			0.0052847654,
			0.0240884759,
			0.1044197134,
			0.1116616732,
			0.0964979253,
			0.0987263684,
			0.1056696725,
			0.0952129105,
			0.0959865702,
			0.1041716827,
			0.0968433055,
			0.1014466641,
			0.0952899478,
			0.0958382158,
			0.1052448919,
			0.0993372413,
			0.1035665355,
			0.0897254158,
			0.1006002493,
			0.0954794349,
			0.0959605754,
			0.0971456582,
			0.1041993825,
			0.1004573971,
			0.077076554
		],
		[
			0.0201172748,
			0.0051032691,
			-0.0040376342,
			0.0275098214,
			0.0868652799,
			0.015470172,
			0.0053738846,
			0.0019111033,
			0.0154092498,
			0.0033821422,
			0.020893662,
			0.0149612835,
			0.0077655205,
			0.010854598,
			0.0105436728,
			1.0,
			0.0277331237,
			0.006488712,
			0.0344734618,
			0.0372404783,
			0.0247766671,
			0.0227500545,
			0.1235516943,
			0.1105087259,
			0.1197445163,
			0.1156995374,
			0.1214393803,
			0.1169403249,
			0.1278633146,
			0.112161784,
			0.1217243474,
			0.1070678575,
			0.1151967407,
			0.1167687613,
			0.1098976768,
			0.1271533303,
			0.1138426947,
			0.0958809042,
			0.1049117226,
			0.1282240485,
			0.0999576869,
			0.1192337949,
			0.1153717498,
			0.1082639548,
			0.0863825534
		],
		[
			0.0336293627,
			0.0277634121,
			0.0283568581,
			0.0260782341,
			0.0120416385,
			0.0163204864,
			0.0016136854,
			0.009132881,
			0.0278415663,
			0.0089713835,
			0.0170480143,
			0.0058396321,
			0.0213938409,
			0.0185186226,
			0.0628816069,
			0.0277331237,
			1.0,
			0.0122891754,
			0.0132333612,
			0.0130807078,
			0.0174492705,
			0.0131336301,
			0.1156884194,
			0.1148223906,
			0.0986022236,
			0.1205544817,
			0.1139287595,
			0.1012375064,
			0.1056531646,
			0.1137523953,
			0.1011477627,
			0.1139139283,
			0.1076714455,
			0.1006213561,
			0.1112365557,
			0.1041510852,
			0.1085443675,
			0.0953986737,
			0.1153916172,
			0.1102625613,
			0.1182203287,
			0.1026797954,
			0.1080311003,
			0.1111913222,
			0.0646839034
		],
		[
			0.0141264457,
			0.0162966037,
			0.025499972,
			0.008419748,
			0.0142899427,
			0.0350792769,
			0.0522107899,
			0.0282409227,
			0.0053773568,
			0.027989644,
			0.029653207,
			0.0002628745,
			0.0114690018,
			0.0259763404,
			0.0136977734,
			0.006488712,
			0.0122891754,
			1.0,
			0.0110914822,
			0.0271012612,
			0.028180289,
			0.0031122553,
			0.1098054609,
			0.1146254223,
			0.1068231845,
			0.1046668133,
			0.1093758889,
			0.1029492254,
			0.1065606661,
			0.1087154858,
			0.1058231932,
			0.129126804,
			0.1251542326,
			0.1077593957,
			0.1074660666,
			0.1044415013,
			0.1078315113,
			0.1389669865,
			0.1281370222,
			0.1049833281,
			0.101389454,
			0.1281971813,
			0.1076808926,
			0.1104910047,
			0.0750387911
		],
		[
			0.0274107962,
			0.0212001076,
			0.0158415516,
			0.0062870275,
			-0.0001103239,
			0.0174796851,
			0.0068716175,
			0.0014794378,
			0.0473673911,
			0.0120746703,
			0.0085294297,
			0.0088984352,
			0.0039646558,
			-0.001131018,
			0.0229826854,
			0.0344734618,
			0.0132333612,
			0.0110914822,
			1.0,
			0.00049059,
			0.0106244713,
			0.0188570359,
			0.0963029632,
			0.0948561617,
			0.0957130386,
			0.0944166399,
			0.095520258,
			0.09592647,
			0.0914191263,
			0.1019976495,
			0.0971922765,
			0.0971966786,
			0.0941149305,
			0.0979302404,
			0.1015106583,
			0.0907151917,
			0.0875399128,
			0.0918580347,
			0.097107241,
			0.0881086257,
			0.090398443,
			0.0941868563,
			0.0867621702,
			0.0985646133,
			0.0664898834
		],
		[
			0.0218733117,
			0.0104715233,
			0.0217116581,
			-0.0077210175,
			0.0434233409,
			0.021379393,
			0.0433650641,
			0.0255826158,
			0.0024683898,
			-0.0022425627,
			0.0129987022,
			0.0116892868,
			0.010986823,
			0.0091450656,
			0.0134074379,
			0.0372404783,
			0.0130807078,
			0.0271012612,
			0.00049059,
			1.0,
			0.0209412052,
			-0.0015065361,
			0.093388554,
			0.0985105816,
			0.1012907008,
			0.1081888479,
			0.0958528667,
			0.1094744917,
			0.101049824,
			0.1024504209,
			0.110330943,
			0.1018701679,
			0.1058458508,
			0.1109122132,
			0.1032655957,
			0.1025473616,
			0.105567061,
			0.0914176883,
			0.1029921688,
			0.1036321861,
			0.0970843491,
			0.0937089954,
			0.1058864715,
			0.1071761195,
			0.0692098155
		],
		[
			0.023196783,
			0.0202715914,
			0.0025098575,
			0.0592449423,
			0.0137561328,
			0.025148022,
			0.0069311062,
			0.0106487935,
			0.0215249868,
			0.0118961302,
			0.0181764816,
			0.0129027364,
			0.009839635,
			0.0237337163,
			0.0052847654,
			0.0247766671,
			0.0174492705,
			0.028180289,
			0.0106244713,
			0.0209412052,
			1.0,
			0.0467456051,
			0.0972734915,
			0.1052302834,
			0.0989601202,
			0.0960935097,
			0.0973042135,
			0.092206833,
			0.0948584455,
			0.094540322,
			0.0932456037,
			0.1071721487,
			0.1004066995,
			0.0923872688,
			0.0947247255,
			0.0946017033,
			0.1040345271,
			0.1040065274,
			0.1078628533,
			0.0924378077,
			0.0955968449,
			0.1052856982,
			0.1017550052,
			0.0983776038,
			0.0651666339
		],
		[
			0.0220158548,
			0.0268289347,
			0.0088373953,
			0.0162022672,
			0.0294844156,
			0.0019278494,
			0.0204348489,
			0.0207209839,
			0.0163209819,
			0.0175430179,
			0.0462475533,
			0.0179597095,
			0.0310108519,
			0.0377797794,
			0.0240884759,
			0.0227500545,
			0.0131336301,
			0.0031122553,
			0.0188570359,
			-0.0015065361,
			0.0467456051,
			1.0,
			0.1158906254,
			0.1205021728,
			0.1145109291,
			0.1091548367,
			0.1171273809,
			0.1110966331,
			0.1019359998,
			0.1250881067,
			0.1110452225,
			0.1079510255,
			0.1006486527,
			0.1096120002,
			0.1244270536,
			0.1031226641,
			0.1080336022,
			0.0927996126,
			0.1081956732,
			0.1018516821,
			0.1079266351,
			0.1041782445,
			0.1082377996,
			0.1175919102,
			0.1149297304
		],
		[
			0.1003178608,
			0.0958425462,
			0.1049175213,
			0.1210856581,
			0.124565421,
			0.1147539521,
			0.1091305354,
			0.0984991033,
			0.1013345224,
			0.1087603114,
			0.1071285106,
			0.0981057798,
			0.1038225813,
			0.0861073229,
			0.1044197134,
			0.1235516943,
			0.1156884194,
			0.1098054609,
			0.0963029632,
			0.093388554,
			0.0972734915,
			0.1158906254,
			1.0,
			0.9184914501,
			0.9157841971,
			0.8446393998,
			0.992590093,
			0.8426116406,
			0.9173583408,
			0.9168810758,
			0.8418910331,
			0.8461214366,
			0.8460557118,
			0.842891468,
			0.9163852511,
			0.9172097422,
			0.8450267843,
			0.7905817938,
			0.8459333895,
			0.9168976887,
			0.7881575057,
			0.9190443289,
			0.8440504201,
			0.8415673225,
			0.0005052101
		],
		[
			0.1006382803,
			0.101449798,
			0.090666081,
			0.1135775814,
			0.1066097975,
			0.120094207,
			0.1035035502,
			0.1038562455,
			0.08878277,
			0.1044327536,
			0.1081302104,
			0.0982149524,
			0.1033867563,
			0.088934551,
			0.1116616732,
			0.1105087259,
			0.1148223906,
			0.1146254223,
			0.0948561617,
			0.0985105816,
			0.1052302834,
			0.1205021728,
			0.9184914501,
			1.0,
			0.8426353005,
			0.8424431082,
			0.9186767924,
			0.8417565928,
			0.8417735882,
			0.9178001424,
			0.8418076272,
			0.8453077227,
			0.8444085234,
			0.8419282361,
			0.9171918417,
			0.841748325,
			0.9180001894,
			0.7904845389,
			0.8453083083,
			0.8413675394,
			0.786316713,
			0.8453177474,
			0.9178772895,
			0.841375354,
			0.0062103391
		],
		[
			0.1082560594,
			0.0944782984,
			0.1034490657,
			0.1112064746,
			0.1235145804,
			0.1178143345,
			0.1076133156,
			0.1091106374,
			0.1030995927,
			0.1013201878,
			0.1021886519,
			0.0963457425,
			0.0951722413,
			0.0831049736,
			0.0964979253,
			0.1197445163,
			0.0986022236,
			0.1068231845,
			0.0957130386,
			0.1012907008,
			0.0989601202,
			0.1145109291,
			0.9157841971,
			0.8426353005,
			1.0,
			0.8448683287,
			0.9159404743,
			0.9195901544,
			0.9164708843,
			0.9180001116,
			0.9188139117,
			0.8444881676,
			0.8440153632,
			0.9197439643,
			0.9175765904,
			0.9170080396,
			0.8447947341,
			0.7868443526,
			0.8436258149,
			0.9167377791,
			0.7878551797,
			0.916313231,
			0.8446556412,
			0.9180567233,
			0.0002178267
		],
		[
			0.1220982272,
			0.1081555309,
			0.0895573564,
			0.1016114566,
			0.1280981609,
			0.1154035537,
			0.1126360792,
			0.1157661693,
			0.1011010008,
			0.094400837,
			0.1158388423,
			0.0838635846,
			0.1089816387,
			0.0830955844,
			0.0987263684,
			0.1156995374,
			0.1205544817,
			0.1046668133,
			0.0944166399,
			0.1081888479,
			0.0960935097,
			0.1091548367,
			0.8446393998,
			0.8424431082,
			0.8448683287,
			1.0,
			0.8452426227,
			0.9165802133,
			0.917715804,
			0.8442550097,
			0.9165969669,
			0.9203140816,
			0.9175892667,
			0.9175583916,
			0.8435515986,
			0.9181996439,
			0.9170987542,
			0.7888592076,
			0.9208504518,
			0.9180019833,
			0.927547736,
			0.8453307037,
			0.9173799804,
			0.9185912218,
			0.0117461548
		],
		[
			0.1032108317,
			0.0951967311,
			0.1039381037,
			0.120227346,
			0.1253379178,
			0.1141273522,
			0.1086559004,
			0.0991389443,
			0.1003478906,
			0.1089233301,
			0.1097521908,
			0.0970189468,
			0.1012721251,
			0.087382586,
			0.1056696725,
			0.1214393803,
			0.1139287595,
			0.1093758889,
			0.095520258,
			0.0958528667,
			0.0973042135,
			0.1171273809,
			0.992590093,
			0.9186767924,
			0.9159404743,
			0.8452426227,
			1.0,
			0.8431285083,
			0.9177098348,
			0.9166683014,
			0.8424484948,
			0.8463101411,
			0.8460800506,
			0.8431221143,
			0.9159558747,
			0.9177545578,
			0.8459646124,
			0.7901611789,
			0.846119863,
			0.9174222306,
			0.7888409277,
			0.9189666059,
			0.8451159293,
			0.8419891283,
			0.0007974202
		],
		[
			0.1159978082,
			0.10456859,
			0.0928810888,
			0.1038725324,
			0.12511125,
			0.1219577362,
			0.1088419769,
			0.123435795,
			0.0951359864,
			0.0954520701,
			0.1088507257,
			0.0855551481,
			0.1018888823,
			0.0816308568,
			0.0952129105,
			0.1169403249,
			0.1012375064,
			0.1029492254,
			0.09592647,
			0.1094744917,
			0.092206833,
			0.1110966331,
			0.8426116406,
			0.8417565928,
			0.9195901544,
			0.9165802133,
			0.8431285083,
			1.0,
			0.9156987475,
			0.9190982296,
			0.9921865954,
			0.8445811108,
			0.9167668577,
			0.9922866198,
			0.9182665812,
			0.9162637528,
			0.9161492034,
			0.7882746751,
			0.8444747745,
			0.9167621779,
			0.7870557362,
			0.8435828959,
			0.915957937,
			0.9179469431,
			0.0095295325
		],
		[
			0.1055328161,
			0.1026207522,
			0.1043186811,
			0.1086146916,
			0.1366744219,
			0.1134934987,
			0.1136993126,
			0.1101506719,
			0.1087186493,
			0.1017994197,
			0.1149804833,
			0.0958107666,
			0.1039068101,
			0.0893536381,
			0.0959865702,
			0.1278633146,
			0.1056531646,
			0.1065606661,
			0.0914191263,
			0.101049824,
			0.0948584455,
			0.1019359998,
			0.9173583408,
			0.8417735882,
			0.9164708843,
			0.917715804,
			0.9177098348,
			0.9156987475,
			1.0,
			0.8418559299,
			0.9156413232,
			0.8443967498,
			0.9180206074,
			0.9164182573,
			0.8401579606,
			0.9925682145,
			0.9182626253,
			0.7876315129,
			0.8445472988,
			0.9922827887,
			0.7877312522,
			0.9180543154,
			0.9176379476,
			0.8412116141,
			0.0033884593
		],
		[
			0.1061801854,
			0.0988707936,
			0.0959844086,
			0.1154364608,
			0.1142304858,
			0.122090318,
			0.1020477965,
			0.1100500709,
			0.0889928923,
			0.104197749,
			0.1056937919,
			0.0878622602,
			0.0980779017,
			0.0771598962,
			0.1041716827,
			0.112161784,
			0.1137523953,
			0.1087154858,
			0.1019976495,
			0.1024504209,
			0.094540322,
			0.1250881067,
			0.9168810758,
			0.9178001424,
			0.9180001116,
			0.8442550097,
			0.9166683014,
			0.9190982296,
			0.8418559299,
			1.0,
			0.9189423343,
			0.8460418758,
			0.8457937743,
			0.9190219946,
			0.9926904173,
			0.8415317921,
			0.8438618837,
			0.7913499314,
			0.8459699563,
			0.8416775152,
			0.7873878489,
			0.844569142,
			0.8438012379,
			0.9175655632,
			0.0046226368
		],
		[
			0.1138965157,
			0.1022748841,
			0.0918117168,
			0.1021377028,
			0.1235015319,
			0.1202137736,
			0.1060158925,
			0.123275709,
			0.0959054538,
			0.0950924645,
			0.1079153098,
			0.0855120762,
			0.1039510925,
			0.0819123333,
			0.0968433055,
			0.1217243474,
			0.1011477627,
			0.1058231932,
			0.0971922765,
			0.110330943,
			0.0932456037,
			0.1110452225,
			0.8418910331,
			0.8418076272,
			0.9188139117,
			0.9165969669,
			0.8424484948,
			0.9921865954,
			0.9156413232,
			0.9189423343,
			1.0,
			0.8446438144,
			0.9174072478,
			0.9925665431,
			0.9180245443,
			0.9159535667,
			0.9166200004,
			0.7888185328,
			0.8445597537,
			0.9162867677,
			0.7865835444,
			0.8433288652,
			0.9163876823,
			0.9173379105,
			0.0085666076
		],
		[
			0.1151842175,
			0.1057515564,
			0.0909407446,
			0.1020301621,
			0.1184206039,
			0.124205448,
			0.1057484753,
			0.1048850829,
			0.0960657334,
			0.0941164472,
			0.1181616196,
			0.0843212983,
			0.1019600985,
			0.0788510706,
			0.1014466641,
			0.1070678575,
			0.1139139283,
			0.129126804,
			0.0971966786,
			0.1018701679,
			0.1071721487,
			0.1079510255,
			0.8461214366,
			0.8453077227,
			0.8444881676,
			0.9203140816,
			0.8463101411,
			0.8445811108,
			0.8443967498,
			0.8460418758,
			0.8446438144,
			1.0,
			0.9190677501,
			0.8455805147,
			0.8460970763,
			0.845199207,
			0.8448073848,
			0.925310315,
			0.9926242399,
			0.844876926,
			0.9268220575,
			0.9185477007,
			0.8451005307,
			0.9184513175,
			0.0112673802
		],
		[
			0.1033009802,
			0.1103036462,
			0.0932671843,
			0.0990785179,
			0.1261285661,
			0.1231686632,
			0.1097414869,
			0.1151426645,
			0.0962287838,
			0.0940565754,
			0.1223248323,
			0.0865469378,
			0.1015186754,
			0.0840258601,
			0.0952899478,
			0.1151967407,
			0.1076714455,
			0.1251542326,
			0.0941149305,
			0.1058458508,
			0.1004066995,
			0.1006486527,
			0.8460557118,
			0.8444085234,
			0.8440153632,
			0.9175892667,
			0.8460800506,
			0.9167668577,
			0.9180206074,
			0.8457937743,
			0.9174072478,
			0.9190677501,
			1.0,
			0.9174806805,
			0.8447996778,
			0.9182490407,
			0.9177446835,
			0.9276870695,
			0.9194106282,
			0.9184391189,
			0.7879828671,
			0.9200641582,
			0.9173218502,
			0.8432598072,
			0.0089007667
		],
		[
			0.1131728246,
			0.1029090781,
			0.0929527257,
			0.1040319318,
			0.1234520696,
			0.1202497283,
			0.1060902887,
			0.1231621688,
			0.0949426667,
			0.0935833157,
			0.1097224769,
			0.0849070925,
			0.1019689685,
			0.0816202963,
			0.0958382158,
			0.1167687613,
			0.1006213561,
			0.1077593957,
			0.0979302404,
			0.1109122132,
			0.0923872688,
			0.1096120002,
			0.842891468,
			0.8419282361,
			0.9197439643,
			0.9175583916,
			0.8431221143,
			0.9922866198,
			0.9164182573,
			0.9190219946,
			0.9925665431,
			0.8455805147,
			0.9174806805,
			1.0,
			0.9184373707,
			0.9166987691,
			0.9166298897,
			0.7888084332,
			0.8455919447,
			0.9170342525,
			0.7881769507,
			0.8441280345,
			0.9167540122,
			0.9184010196,
			0.0083003352
		],
		[
			0.1082092586,
			0.0955643062,
			0.0931396517,
			0.1138193932,
			0.1121430826,
			0.1184500469,
			0.1020716081,
			0.1084192027,
			0.0872206323,
			0.1040607082,
			0.1060207255,
			0.0890076871,
			0.0991426676,
			0.0767936035,
			0.1052448919,
			0.1098976768,
			0.1112365557,
			0.1074660666,
			0.1015106583,
			0.1032655957,
			0.0947247255,
			0.1244270536,
			0.9163852511,
			0.9171918417,
			0.9175765904,
			0.8435515986,
			0.9159558747,
			0.9182665812,
			0.8401579606,
			0.9926904173,
			0.9180245443,
			0.8460970763,
			0.8447996778,
			0.9184373707,
			1.0,
			0.8402439489,
			0.8426598057,
			0.7907517361,
			0.8461021616,
			0.8404782322,
			0.7876519872,
			0.8438005097,
			0.8426297569,
			0.9178890067,
			0.0048497061
		],
		[
			0.1058786341,
			0.1030132656,
			0.1024109217,
			0.1085616444,
			0.1372692,
			0.1147110787,
			0.1132166834,
			0.1110689728,
			0.1090112497,
			0.0997724856,
			0.1127302302,
			0.0979021195,
			0.1062583888,
			0.0879172133,
			0.0993372413,
			0.1271533303,
			0.1041510852,
			0.1044415013,
			0.0907151917,
			0.1025473616,
			0.0946017033,
			0.1031226641,
			0.9172097422,
			0.841748325,
			0.9170080396,
			0.9181996439,
			0.9177545578,
			0.9162637528,
			0.9925682145,
			0.8415317921,
			0.9159535667,
			0.845199207,
			0.9182490407,
			0.9166987691,
			0.8402439489,
			1.0,
			0.9190400972,
			0.788385481,
			0.8454793101,
			0.9928777014,
			0.7889682052,
			0.9187156113,
			0.9178916427,
			0.8418532691,
			0.0050012714
		],
		[
			0.1047843117,
			0.1074695802,
			0.088490842,
			0.1020269007,
			0.1196341285,
			0.118491615,
			0.1094771585,
			0.1195076779,
			0.0957763155,
			0.092421802,
			0.111604521,
			0.0978413051,
			0.1075133433,
			0.0944512033,
			0.1035665355,
			0.1138426947,
			0.1085443675,
			0.1078315113,
			0.0875399128,
			0.105567061,
			0.1040345271,
			0.1080336022,
			0.8450267843,
			0.9180001894,
			0.8447947341,
			0.9170987542,
			0.8459646124,
			0.9161492034,
			0.9182626253,
			0.8438618837,
			0.9166200004,
			0.8448073848,
			0.9177446835,
			0.9166298897,
			0.8426598057,
			0.9190400972,
			1.0,
			0.7888812865,
			0.8452211261,
			0.9181253568,
			0.786978464,
			0.8457797057,
			0.9926422221,
			0.84204174,
			0.0101183636
		],
		[
			0.0900659154,
			0.1021431477,
			0.08687663,
			0.0921137707,
			0.1083030402,
			0.1228165714,
			0.0990291805,
			0.099977007,
			0.0858446641,
			0.0897945286,
			0.118036448,
			0.0824177492,
			0.0871464822,
			0.074647874,
			0.0897254158,
			0.0958809042,
			0.0953986737,
			0.1389669865,
			0.0918580347,
			0.0914176883,
			0.1040065274,
			0.0927996126,
			0.7905817938,
			0.7904845389,
			0.7868443526,
			0.7888592076,
			0.7901611789,
			0.7882746751,
			0.7876315129,
			0.7913499314,
			0.7888185328,
			0.925310315,
			0.9276870695,
			0.7888084332,
			0.7907517361,
			0.788385481,
			0.7888812865,
			1.0,
			0.9257893662,
			0.7882992174,
			0.7351231065,
			0.9266261407,
			0.7884162432,
			0.7870352237,
			0.0072058198
		],
		[
			0.1125917736,
			0.1065089911,
			0.0905487813,
			0.1006152421,
			0.1208000655,
			0.1247594336,
			0.1057285732,
			0.1057030322,
			0.0972710462,
			0.0931497525,
			0.1178140112,
			0.0855776596,
			0.1015272936,
			0.0780324019,
			0.1006002493,
			0.1049117226,
			0.1153916172,
			0.1281370222,
			0.097107241,
			0.1029921688,
			0.1078628533,
			0.1081956732,
			0.8459333895,
			0.8453083083,
			0.8436258149,
			0.9208504518,
			0.846119863,
			0.8444747745,
			0.8445472988,
			0.8459699563,
			0.8445597537,
			0.9926242399,
			0.9194106282,
			0.8455919447,
			0.8461021616,
			0.8454793101,
			0.8452211261,
			0.9257893662,
			1.0,
			0.8449713143,
			0.9272973723,
			0.918559967,
			0.8452885865,
			0.9185785682,
			0.0111834916
		],
		[
			0.1063601724,
			0.1026056724,
			0.1029279373,
			0.1099322068,
			0.1363581107,
			0.1139874851,
			0.1113983744,
			0.1128155976,
			0.107285472,
			0.0993463916,
			0.113512409,
			0.0968854089,
			0.107625201,
			0.0902744163,
			0.0954794349,
			0.1282240485,
			0.1102625613,
			0.1049833281,
			0.0881086257,
			0.1036321861,
			0.0924378077,
			0.1018516821,
			0.9168976887,
			0.8413675394,
			0.9167377791,
			0.9180019833,
			0.9174222306,
			0.9167621779,
			0.9922827887,
			0.8416775152,
			0.9162867677,
			0.844876926,
			0.9184391189,
			0.9170342525,
			0.8404782322,
			0.9928777014,
			0.9181253568,
			0.7882992174,
			0.8449713143,
			1.0,
			0.7878307052,
			0.9182436987,
			0.9175293028,
			0.8416571883,
			0.0030397729
		],
		[
			0.1194778166,
			0.0952123978,
			0.0836008651,
			0.0953763457,
			0.1165820622,
			0.1089088118,
			0.0978882129,
			0.096587878,
			0.0956225735,
			0.083743459,
			0.1051315091,
			0.0755807197,
			0.0999177473,
			0.0721959712,
			0.0959605754,
			0.0999576869,
			0.1182203287,
			0.101389454,
			0.090398443,
			0.0970843491,
			0.0955968449,
			0.1079266351,
			0.7881575057,
			0.786316713,
			0.7878551797,
			0.927547736,
			0.7888409277,
			0.7870557362,
			0.7877312522,
			0.7873878489,
			0.7865835444,
			0.9268220575,
			0.7879828671,
			0.7881769507,
			0.7876519872,
			0.7889682052,
			0.786978464,
			0.7351231065,
			0.9272973723,
			0.7878307052,
			1.0,
			0.7882145638,
			0.7877621961,
			0.9263226576,
			0.0123249667
		],
		[
			0.0981463695,
			0.1014069726,
			0.1022196979,
			0.1066180478,
			0.1307640673,
			0.120738421,
			0.1109156563,
			0.1012868936,
			0.1031722154,
			0.1018716585,
			0.114721314,
			0.0983923381,
			0.0955083789,
			0.0875974353,
			0.0971456582,
			0.1192337949,
			0.1026797954,
			0.1281971813,
			0.0941868563,
			0.0937089954,
			0.1052856982,
			0.1041782445,
			0.9190443289,
			0.8453177474,
			0.916313231,
			0.8453307037,
			0.9189666059,
			0.8435828959,
			0.9180543154,
			0.844569142,
			0.8433288652,
			0.9185477007,
			0.9200641582,
			0.8441280345,
			0.8438005097,
			0.9187156113,
			0.8457797057,
			0.9266261407,
			0.918559967,
			0.9182436987,
			0.7882145638,
			1.0,
			0.8450969999,
			0.8426655658,
			0.0030914615
		],
		[
			0.1088868674,
			0.1085843955,
			0.0905026858,
			0.1042969516,
			0.1180538623,
			0.1202906326,
			0.1092605886,
			0.1201795241,
			0.0972983633,
			0.0952177966,
			0.111961996,
			0.0974086237,
			0.1053537806,
			0.0932320313,
			0.1041993825,
			0.1153717498,
			0.1080311003,
			0.1076808926,
			0.0867621702,
			0.1058864715,
			0.1017550052,
			0.1082377996,
			0.8440504201,
			0.9178772895,
			0.8446556412,
			0.9173799804,
			0.8451159293,
			0.915957937,
			0.9176379476,
			0.8438012379,
			0.9163876823,
			0.8451005307,
			0.9173218502,
			0.9167540122,
			0.8426297569,
			0.9178916427,
			0.9926422221,
			0.7884162432,
			0.8452885865,
			0.9175293028,
			0.7877621961,
			0.8450969999,
			1.0,
			0.8428819847,
			0.0099388229
		],
		[
			0.1237262903,
			0.0971974337,
			0.0905802187,
			0.1034373001,
			0.1173468629,
			0.1193558995,
			0.1022768022,
			0.1149864349,
			0.0968156608,
			0.0923444171,
			0.1036442572,
			0.0843035234,
			0.097914139,
			0.0766965836,
			0.1004573971,
			0.1082639548,
			0.1111913222,
			0.1104910047,
			0.0985646133,
			0.1071761195,
			0.0983776038,
			0.1175919102,
			0.8415673225,
			0.841375354,
			0.9180567233,
			0.9185912218,
			0.8419891283,
			0.9179469431,
			0.8412116141,
			0.9175655632,
			0.9173379105,
			0.9184513175,
			0.8432598072,
			0.9184010196,
			0.9178890067,
			0.8418532691,
			0.84204174,
			0.7870352237,
			0.9185785682,
			0.8416571883,
			0.9263226576,
			0.8426655658,
			0.8428819847,
			1.0,
			0.0100981925
		],
		[
			0.0948657797,
			0.0733895491,
			0.1006885961,
			0.0707845885,
			0.1109400681,
			0.0951235503,
			0.088619401,
			0.0633150947,
			0.091214493,
			0.1075260723,
			0.0765948419,
			0.0859769458,
			0.100642418,
			0.0844629973,
			0.077076554,
			0.0863825534,
			0.0646839034,
			0.0750387911,
			0.0664898834,
			0.0692098155,
			0.0651666339,
			0.1149297304,
			0.0005052101,
			0.0062103391,
			0.0002178267,
			0.0117461548,
			0.0007974202,
			0.0095295325,
			0.0033884593,
			0.0046226368,
			0.0085666076,
			0.0112673802,
			0.0089007667,
			0.0083003352,
			0.0048497061,
			0.0050012714,
			0.0101183636,
			0.0072058198,
			0.0111834916,
			0.0030397729,
			0.0123249667,
			0.0030914615,
			0.0099388229,
			0.0100981925,
			1.0
		]
	],
	"pass_fail": [
		0.43226808225729224,
		0.7434962888244152,
		0.739633216993796,
		0.4349770672134749,
		0.4673967977004203,
		0.810211146439781,
		0.3402565792186628,
		0.5134625534029167,
		0.309859032999929,
		0.5054947221665114,
		0.4540464486177849,
		0.4628920269076425,
		0.7738224981125925,
		0.26300142926409553,
		1.0766071176930492,
		0.3132253182288375,
		0.6340179356392823,
		0.30399367568158503,
		0.4290630940352482,
		0.6860941544206813,
		0.4889374465248581,
		0.4473399871211522,
		0.5403343974326703,
		0.3151054480152098,
		0.3710577722538041,
		0.4532320012038337,
		0.44008754611169004,
		0.4317515512322159,
		0.5168708929535951,
		0.35541855035405495,
		0.9193936886023849,
		0.9959334915574011,
		0.758438139718056,
		0.5323823200229455,
		0.5608706436106512,
		0.30981366256024456,
		0.6549806565966267,
		0.20104513216700656,
		0.5132186916998117,
		0.6894906691018594,
		0.8513168748058187,
		0.4179992943305271,
		0.5451081836869264,
		0.2778091569006994,
		0.30154468971073106,
		0.310821664673341,
		0.6112162270051379,
		1.5214950359309836,
		0.5771122421052094,
		0.45879164437563275,
		0.2727614588130043,
		0.8687630421750717,
		0.6892161328594183,
		0.4324927253791686,
		0.5862607671325185,
		0.31136627945300377,
		0.17710937316139858,
		0.48832720723816037,
		0.9058494099024188,
		0.7235348131810446,
		1.111745660701762,
		0.42195335608286144,
		0.27378517342634456,
		0.830150917183573,
		0.7059201004029744,
		0.5368084947524769,
		0.6712426900689883,
		0.5917653099665853,
		0.6187052231261108,
		0.398305121383891,
		0.42419195784798497,
		0.6177992645220337,
		0.6407738995843857,
		0.16960435050004286,
		0.8342344509052713,
		0.557804383772078,
		0.9376692578782735,
		0.6209164721588352,
		0.44898077436952694,
		0.2788566351735886,
		0.5642493987835765,
		0.3352078703281247,
		0.4498183278184518,
		0.5145123670243992,
		0.7508338061889112,
		0.47857575357958365,
		0.7852066079718639,
		0.585881185889944,
		1.4021866707795918,
		0.49407424666697247,
		1.4541322436550113,
		0.6223570716283572,
		0.9177631668700719,
		0.9736463003493833,
		0.2944189902159293,
		0.37994012896264096,
		0.3970400404313361,
		0.48532743987341015,
		0.8469241868770268,
		0.3095336046040892,
		0.3694344929160232,
		0.5272443509694175,
		0.38201807110255825,
		0.7819163001227937,
		0.6603517397474589,
		0.21954517681470817,
		0.4198078776903152,
		0.5754108213312814,
		0.3977040342862846,
		0.7122193821446389,
		0.3870062620281623,
		0.6406297059917445,
		0.6623343015265635,
		0.7585977221096761,
		0.3285507102170671,
		0.5209852035855269,
		0.7159843659874754,
		0.3436852291100054,
		0.24649178201218483,
		0.5062243608606063,
		0.5904035254780111,
		0.2760680743748763,
		0.6837573610964985,
		0.6107671428342071,
		0.5356327533703233,
		0.7398581442589504,
		0.5391107607809232,
		0.4013454946878001,
		0.20767367488580032,
		1.1877565757594415,
		0.38289237912303764,
		0.5497246988191845,
		0.8299856157275118,
		0.646216193547462,
		0.26166958181662825,
		0.7615247540489939,
		0.5713616153390794,
		0.7468925093498175,
		0.46334884108548696,
		1.1293266485000155,
		0.4565638041900229,
		0.5108390435419697,
		0.6138779527964666,
		0.8779079833011629,
		0.9573677575749318,
		1.3766430536553123,
		0.7211437480861177,
		0.271133676566411,
		0.356338694358938,
		1.0193870551808417,
		0.3449773561575998,
		0.5259723583257999,
		0.7473688962907546,
		1.0040301344747142,
		0.6616459252334767,
		0.4919293148612929,
		0.36778858522268576,
		0.5292803606415646,
		0.659137503071761,
		0.24132128858147583,
		0.9719263866302409,
		0.670058057949116,
		0.7376735553630955,
		0.603353746831945,
		0.2782269229271129,
		0.7626582486492534,
		1.0208757822916148,
		0.3405163379292938,
		0.5254931685063416,
		0.674542060917951,
		0.8151487560187517,
		0.5437219247444732,
		0.39852385423258546,
		0.3017779468887394,
		0.5393885033667305,
		0.43883112550757825,
		0.5559848333204059,
		0.9085951262104137,
		0.2718872056326216,
		0.5785885871389821,
		0.557407759957278,
		0.3950003258317938,
		0.42894669764035864,
		0.33137858184210384,
		0.6819530309151679,
		0.22307708184715938,
		0.582893959736573,
		0.605586480838297,
		0.6299501559911296,
		0.377797157300696,
		0.5498621355927314,
		0.9014177939253154,
		0.2914129862617262,
		0.5703810972651311,
		0.5916030003522093,
		0.6761570205291806,
		0.7659456745873369,
		1.0859485558850543,
		0.4057287061177861,
		0.3671631456843078,
		0.48207148556687474,
		0.47295449199951534,
		0.4583469688329339,
		0.6600320216727034,
		0.39038653817103824,
		0.20937807808396292,
		0.45499891409692195,
		0.3762161066747115,
		0.9332966230100656,
		0.8509235180933695,
		1.1229348160690626,
		0.27439642559959426,
		0.6494104467150542,
		0.837757199569091,
		0.655518455669568,
		0.49478929129236,
		0.290746411166894,
		0.8201428359368447,
		0.425602846125678,
		0.31480254818835735,
		0.6729175372882436,
		1.026594230401441,
		0.30982981348492517,
		0.38138107795584014,
		0.6268892586689988,
		1.1819070165229972,
		0.5559045770561912,
		0.853377092116347,
		0.6446752719949643,
		0.7176856478325515,
		0.3275628939246016,
		0.5588538333807134,
		0.3725870422590145,
		0.39250842870363073,
		0.6217790866289573,
		0.6985781625883174,
		1.0159269617647761,
		0.5687697388194485,
		0.5563836878161407,
		0.6945936798337674,
		0.25841446094971615,
		0.6015535085541818,
		0.7353406628929192,
		0.9200024919957509,
		0.3226716193201071,
		1.1022519968522213,
		0.6212577491751218,
		1.102091164319489,
		0.6480479644277987,
		0.14722850190674702,
		0.6283738586710036,
		1.2005202240745128,
		0.231203724398967,
		0.44934619313566615,
