{
	"meas": 44,
	"meas_time": 99.83372299999998,
	"ports": 8,
	"exp_yield": 4.0,
	"calib": 20,
	"calib_time": 339.070126,
	"seed": 12324567,
	"failed_devices": 24,
	"total_devices": 10000,
	"corr_mtrx": [
		[
			1.0,
			0.0481295889,
			0.0483016631,
			0.0387654244,
			0.0523025373,
			0.0542765861,
			0.0302907587,
			0.0516066323,
			0.0452038385,
			0.0474062131,
			0.0461599861,
			0.0303774204,
			0.0482176402,
			0.0305910688,
			0.0480465569,
			0.0450347992,
			0.0605167148,
			0.0388814704,
			0.0520121057,
			0.0471571243,
			0.0467963217,
			0.0479743137,
			0.0475394384,
			0.0422785226,
			0.0431459255,
			0.0717895181,
			0.0808487703,
			0.0760265765,
			0.0380147351,
			0.0414066198,
			0.0533317144,
			0.0616547279,
			0.0279316783,
			0.0437177965,
			0.059320129,
			0.045475074,
			0.0179649832,
			0.0172532819,
			0.0262150016,
			0.0496069118,
			0.045443609,
			0.0242111994,
			0.0632414482,
			0.0686811948,
			0.0218940687
		],
		[
			0.0481295889,
			1.0,
			0.0435636236,
			0.0525807409,
			0.0540343773,
			0.0359121429,
			0.0489870182,
			0.0499348767,
			0.0488017024,
			0.024530254,
			0.0387991933,
			0.0275574245,
			0.028073581,
			0.0428297759,
			0.0358606324,
			0.0319482325,
			0.0528679202,
			0.0452346972,
			0.0444736738,
			0.035717865,
			0.0454977344,
			0.0501843932,
			0.0362795374,
			0.0408331285,
			0.0397460457,
			0.0509575108,
			0.0306800883,
			0.0505737194,
			0.0398459722,
			0.0670505562,
			0.0263186534,
			0.041441219,
			0.0407015027,
			0.0307773049,
			0.0237647886,
			0.047523108,
			0.0328904816,
			0.0467637028,
			0.0445045618,
			0.0421733371,
			0.0372235892,
			0.0442050048,
			0.0440198125,
			0.0226918448,
			-0.0023615734
		],
		[
			0.0483016631,
			0.0435636236,
			1.0,
			0.0426571462,
			0.0638830998,
			0.063303018,
			0.0329935863,
			0.0401487079,
			0.0651760046,
			0.042918937,
			0.0495359417,
			0.0463562181,
			0.0395647191,
			0.0504152228,
			0.0346963124,
			0.0228099802,
			0.0528966241,
			0.0490838222,
			0.0387179685,
			0.0431363236,
			0.0244429932,
			0.0332727727,
			0.0494533667,
			0.0485988294,
			0.0524969628,
			0.0195649993,
			0.0396577693,
			0.0446086643,
			0.0523508368,
			0.0745261875,
			0.0323430581,
			0.0337161238,
			0.0360064897,
			0.0439137063,
			0.036522745,
			0.0337193929,
			0.0327213123,
			0.0298585426,
			0.0235652832,
			0.0387616183,
			0.0476852472,
			0.0288991707,
			0.0537898939,
			0.0435616441,
			0.0145086386
		],
		[
			0.0387654244,
			0.0525807409,
			0.0426571462,
			1.0,
			0.0431869091,
			0.0409501189,
			0.0415992269,
			0.0213999288,
			0.0343643398,
			0.0248055673,
			0.0434524483,
			0.0395283426,
			0.0531807549,
			0.0342614708,
			0.0603072288,
			0.05398583,
			0.0526906413,
			0.033282659,
			0.0312967947,
			0.0154093096,
			0.0806754745,
			0.0423110613,
			0.0553812177,
			0.0397154582,
			0.0473755116,
			0.0313947922,
			0.0468833937,
			0.045115009,
			0.0353030588,
			0.0603498472,
			0.0255202405,
			0.0552040464,
			0.0261435165,
			0.0450469989,
			0.0364491815,
			0.0372228924,
			0.0278302446,
			0.0388357797,
			0.0341723667,
			0.0517587843,
			0.0387727867,
			0.0337609,
			0.051747593,
			0.0384277976,
			0.0069732609
		],
		[
			0.0523025373,
			0.0540343773,
			0.0638830998,
			0.0431869091,
			1.0,
			0.035115944,
			0.046317002,
			0.0409605804,
			0.0460219746,
			0.0412608016,
			0.0482112699,
			0.0462993587,
			0.0424284801,
			0.0568071784,
			0.0249981121,
			0.1142568231,
			0.0374363228,
			0.0395458672,
			0.0232428129,
			0.0675855295,
			0.0364538181,
			0.0528226759,
			0.0339318187,
			0.0304259135,
			0.013095379,
			0.0353682702,
			0.0445158805,
			0.0552722892,
			0.0488764439,
			0.0608419825,
			0.0374692738,
			0.0257384325,
			0.0531694075,
			0.0349365577,
			0.0313849597,
			0.0593040673,
			0.0539924724,
			0.0362419158,
			0.0464605401,
			0.0480409872,
			0.06321444,
			0.0819997635,
			0.0348226231,
			0.0296643519,
			0.0646969964
		],
		[
			0.0542765861,
			0.0359121429,
			0.063303018,
			0.0409501189,
			0.035115944,
			1.0,
			0.071985873,
			0.0268690659,
			0.0441910871,
			0.0502160014,
			0.0596511154,
			0.0378963147,
			0.0481066405,
			0.06052021,
			0.0425983487,
			0.0410286264,
			0.0418768575,
			0.0646304092,
			0.0434904158,
			0.0470656526,
			0.051503122,
			0.0290198395,
			0.0423065243,
			0.0546151928,
			0.0348867543,
			0.0346891269,
			0.0369102095,
			0.0543173489,
			0.0337543728,
			0.0578652827,
			0.0354978069,
			0.0543293065,
			0.0348253851,
			0.0332891211,
			0.0113114346,
			0.0509135079,
			0.0382680899,
			0.0481830524,
			0.0547626409,
			0.0418746221,
			0.0614202778,
			0.0366913846,
			0.0574929189,
			0.036296362,
			0.016421921
		],
		[
			0.0302907587,
			0.0489870182,
			0.0329935863,
			0.0415992269,
			0.046317002,
			0.071985873,
			1.0,
			0.041847307,
			0.0267848462,
			0.0214069944,
			0.0280755189,
			0.0962156062,
			0.0563024544,
			0.0392184393,
			0.0395934297,
			0.0337472158,
			0.0266965084,
			0.0759833336,
			0.0297134383,
			0.0667156529,
			0.0298921434,
			0.0437621314,
			0.0516237018,
			0.0487692733,
			0.0549256513,
			0.089407193,
			0.0477853861,
			0.0601492553,
			0.0585619398,
			0.0342658767,
			0.029155497,
			0.0467199858,
			0.0410835048,
			0.0280644442,
			0.0292235404,
			0.0569287772,
			0.0698909533,
			0.0337516964,
			0.0414364782,
			0.0354982498,
			0.0562248426,
			0.0636483227,
			0.065410442,
			0.039589851,
			0.0049243245
		],
		[
			0.0516066323,
			0.0499348767,
			0.0401487079,
			0.0213999288,
			0.0409605804,
			0.0268690659,
			0.041847307,
			1.0,
			0.0281606147,
			0.0319091843,
			0.0579321212,
			0.0300876763,
			0.0409115594,
			0.0301574467,
			0.0336428484,
			0.0287360399,
			0.0334669968,
			0.0523016526,
			0.0261542668,
			0.052049048,
			0.0336233096,
			0.0458527551,
			0.0269743814,
			0.0132680963,
			0.0452177785,
			0.0487974048,
			0.0360214042,
			0.0487523887,
			0.0235284966,
			0.0404475637,
			0.0469418387,
			0.0415759583,
			0.0376755348,
			0.0434329332,
			0.0167850816,
			0.0364634661,
			0.0510462772,
			0.0610793277,
			0.0457736779,
			0.0556195503,
			0.0325964177,
			0.0402221501,
			0.0574735538,
			0.0752948623,
			0.0343206138
		],
		[
			0.0452038385,
			0.0488017024,
			0.0651760046,
			0.0343643398,
			0.0460219746,
			0.0441910871,
			0.0267848462,
			0.0281606147,
			1.0,
			0.0392380719,
			0.0351894126,
			0.0440827965,
			0.0362705636,
			0.0241502859,
			0.0415254515,
			0.0425735905,
			0.0534481325,
			0.030070793,
			0.0688934443,
			0.0257900921,
			0.0442747789,
			0.039934832,
			0.0568085736,
			0.03557743,
			0.0532076266,
			0.035350492,
			0.0473343806,
			0.0358000102,
			0.0595092297,
			0.0511050414,
			0.0434075372,
			0.028948935,
			0.0403285623,
			0.0322533459,
			0.0264553235,
			0.0671432003,
			0.0326107048,
			0.0395532648,
			0.036759431,
			0.0458067846,
			0.04636955,
			0.0487136974,
			0.0489315767,
			0.0463430552,
			0.0171097624
		],
		[
			0.0474062131,
			0.024530254,
			0.042918937,
			0.0248055673,
			0.0412608016,
			0.0502160014,
			0.0214069944,
			0.0319091843,
			0.0392380719,
			1.0,
			0.0364882159,
			0.0677643474,
			0.0481074326,
			0.0329578158,
			0.0603666213,
			0.0299417283,
			0.0351393479,
			0.0517539384,
			0.0362871533,
			0.0202612996,
			0.0343652387,
			0.0429229082,
			0.0380395927,
			0.0571093186,
			0.0522935648,
			0.0619293744,
			0.0412668608,
			0.0506257631,
			0.067279649,
			0.0459444806,
			0.0462144896,
			0.0432156601,
			0.028462434,
			0.0283009076,
			0.0386282981,
			0.0479190527,
			0.0280660851,
			0.0350593848,
			0.0268708548,
			0.0419369112,
			0.0269062431,
			0.0543328218,
			0.0579630237,
			0.0313515768,
			-0.0016265412
		],
		[
			0.0461599861,
			0.0387991933,
			0.0495359417,
			0.0434524483,
			0.0482112699,
			0.0596511154,
			0.0280755189,
			0.0579321212,
			0.0351894126,
			0.0364882159,
			1.0,
			0.0397102507,
			0.0442428227,
			0.0351786073,
			0.0495459865,
			0.0472499027,
			0.0425282874,
			0.0588247326,
			0.0319899533,
			0.0377098971,
			0.0432369817,
			0.0688799813,
			0.0152509752,
			0.0447981775,
			0.0453490176,
			0.0580595932,
			0.0463045433,
			0.0420140915,
			0.0618624751,
			0.055056669,
			0.0324616367,
			0.0564268423,
			0.0383521088,
			0.0502476581,
			0.0526693335,
			0.0402506268,
			0.0396849238,
			0.0559374228,
			0.0472437615,
			0.0484319614,
			0.091264821,
			0.0328621437,
			0.042254041,
			0.0504464803,
			0.0280607543
		],
		[
			0.0303774204,
			0.0275574245,
			0.0463562181,
			0.0395283426,
			0.0462993587,
			0.0378963147,
			0.0962156062,
			0.0300876763,
			0.0440827965,
			0.0677643474,
			0.0397102507,
			1.0,
			0.0376179543,
			0.0320238304,
			0.0377631625,
			0.0400748313,
			0.0292584751,
			0.0243234536,
			0.0301167693,
			0.0328211261,
			0.037475641,
			0.0406746117,
			0.0367711215,
			0.0350838214,
			0.0352057958,
			0.0422817329,
			0.0271523964,
			0.0395052751,
			0.0366708905,
			0.0453048528,
			0.0390697012,
			0.0317839011,
			0.0409327967,
			0.0306790456,
			0.0527899545,
			0.0639437326,
			0.0543209694,
			0.0417163488,
			0.0403071244,
			0.0500067932,
			0.0289369767,
			0.0501201285,
			0.0478722236,
			0.0442435785,
			0.01225951
		],
		[
			0.0482176402,
			0.028073581,
			0.0395647191,
			0.0531807549,
			0.0424284801,
			0.0481066405,
			0.0563024544,
			0.0409115594,
			0.0362705636,
			0.0481074326,
			0.0442428227,
			0.0376179543,
			1.0,
			0.0380942129,
			0.0657479764,
			0.0342881739,
			0.0480440613,
			0.0353707849,
			0.0271851672,
			0.0357262943,
			0.0325882582,
			0.0544357741,
			0.0578105038,
			0.0457654011,
			0.035165684,
			0.0410719491,
			0.0311143532,
			0.0391818873,
			0.0248956788,
			0.0365419508,
			0.0617239053,
			0.0591654469,
			0.0235044195,
			0.0389011639,
			0.0432177647,
			0.054425505,
			0.0552789406,
			0.0276797877,
			0.050218306,
			0.0682699479,
			0.0556920227,
			0.0289214073,
			0.0304619785,
			0.0277562871,
			0.0270262434
		],
		[
			0.0305910688,
			0.0428297759,
			0.0504152228,
			0.0342614708,
			0.0568071784,
			0.06052021,
			0.0392184393,
			0.0301574467,
			0.0241502859,
			0.0329578158,
			0.0351786073,
			0.0320238304,
			0.0380942129,
			1.0,
			0.0430329485,
			0.0361439438,
			0.0409690631,
			0.0488011993,
			0.0197693978,
			0.0305826272,
			0.0471021556,
			0.0595900626,
			0.0440886537,
			0.0436566949,
			0.0155664953,
			0.0475001298,
			0.060013284,
			0.0376807849,
			0.0315090432,
			0.0414366969,
			0.0402720354,
			0.0399016884,
			0.0499074656,
			0.0361308419,
			0.0323626768,
			0.0179438723,
			0.0537083424,
			0.0421338341,
			0.0258094422,
			0.0430012666,
			0.0344593929,
			0.0528957432,
			0.0390779923,
			0.0318334488,
			0.0529988317
		],
		[
			0.0480465569,
			0.0358606324,
			0.0346963124,
			0.0603072288,
			0.0249981121,
			0.0425983487,
			0.0395934297,
			0.0336428484,
			0.0415254515,
			0.0603666213,
			0.0495459865,
			0.0377631625,
			0.0657479764,
			0.0430329485,
			1.0,
			0.0355050485,
			0.088926241,
			0.0387637829,
			0.0473057595,
			0.0365494994,
			0.0309747445,
			0.050393214,
			0.0331602375,
			0.0326743925,
			0.0323521991,
			0.0326949603,
			0.0489453515,
			0.036528874,
			0.0344800527,
			0.0468737413,
			0.0543929741,
			0.0516336211,
			0.0316671386,
			0.0417091323,
			0.0528049273,
			0.0753761391,
			0.0343554769,
			0.0269879861,
			0.0369218852,
			0.0300394766,
			0.0343234625,
			0.0362160753,
			0.0405913525,
			0.0474798867,
			-0.00442695
		],
		[
			0.0450347992,
			0.0319482325,
			0.0228099802,
			0.05398583,
			0.1142568231,
			0.0410286264,
			0.0337472158,
			0.0287360399,
			0.0425735905,
			0.0299417283,
			0.0472499027,
			0.0400748313,
			0.0342881739,
			0.0361439438,
			0.0355050485,
			1.0,
			0.053306402,
			0.0321164961,
			0.0579371115,
			0.0621850315,
			0.0479066806,
			0.0473918393,
			0.0525676977,
			0.054205616,
			0.0386671798,
			0.0389198758,
			0.0309819801,
			0.0484185559,
			0.0459715792,
			0.0561964569,
			0.1003258702,
			0.0544005077,
			0.0576471993,
			0.0447319699,
			0.0247919736,
			0.0413499485,
			0.0345451448,
			0.0285544683,
			0.0247312144,
			0.0525172374,
			0.0346459158,
			0.0634242022,
			0.0501263672,
			0.0420773551,
			0.0285953874
		],
		[
			0.0605167148,
			0.0528679202,
			0.0528966241,
			0.0526906413,
			0.0374363228,
			0.0418768575,
			0.0266965084,
			0.0334669968,
			0.0534481325,
			0.0351393479,
			0.0425282874,
			0.0292584751,
			0.0480440613,
			0.0409690631,
			0.088926241,
			0.053306402,
			1.0,
			0.0382161215,
			0.0393123775,
			0.0371733517,
			0.0417005926,
			0.0406304253,
			0.0585018134,
			0.0256764474,
			0.044128979,
			0.0760779472,
			0.0402177444,
			0.0419272923,
			0.0548084149,
			0.0790709163,
			0.0407357326,
			0.0295756513,
			0.0724594295,
			0.0336196226,
			0.0448026595,
			0.0411599628,
			0.0621703662,
			0.0361613336,
			0.0397336469,
			0.1078199457,
			0.037791766,
			0.0499037058,
			0.0552637738,
			0.0417954468,
			-0.0061087307
		],
		[
			0.0388814704,
			0.0452346972,
			0.0490838222,
			0.033282659,
			0.0395458672,
			0.0646304092,
			0.0759833336,
			0.0523016526,
			0.030070793,
			0.0517539384,
			0.0588247326,
			0.0243234536,
			0.0353707849,
			0.0488011993,
			0.0387637829,
			0.0321164961,
			0.0382161215,
			1.0,
			0.0360340061,
			0.0507866787,
			0.0566849948,
			0.0283058344,
			0.0354931726,
			0.0646861806,
			0.0352617904,
			0.0360094068,
			0.032197265,
			0.0331736538,
			0.0531803159,
			0.0497017434,
			0.0648921435,
			0.0543424055,
			0.0436017016,
			0.0857164622,
			0.0298549483,
			0.0330268825,
			0.0392169392,
			0.0518433587,
			0.0369172063,
			0.0383350271,
			0.0504399711,
			0.0400742847,
			0.0367105685,
			0.0830333243,
			0.0387904519
		],
		[
			0.0520121057,
			0.0444736738,
			0.0387179685,
			0.0312967947,
			0.0232428129,
			0.0434904158,
			0.0297134383,
			0.0261542668,
			0.0688934443,
			0.0362871533,
			0.0319899533,
			0.0301167693,
			0.0271851672,
			0.0197693978,
			0.0473057595,
			0.0579371115,
			0.0393123775,
			0.0360340061,
			1.0,
			0.0245190484,
			0.0328605014,
			0.0455754584,
			0.0352677446,
			0.0536317913,
			0.0378199109,
			0.0442462001,
			0.0279303869,
			0.0443921774,
			0.054107137,
			0.0440580149,
			0.0579299252,
			0.0314037822,
			0.0434201916,
			0.0649675363,
			0.0335559537,
			0.0492429969,
			0.0429006949,
			0.0453568537,
			0.0242442899,
			0.0195520701,
			0.0282198215,
			0.0418833649,
			0.0333722552,
			0.0289567467,
			0.00719549
		],
		[
			0.0471571243,
			0.035717865,
			0.0431363236,
			0.0154093096,
			0.0675855295,
			0.0470656526,
			0.0667156529,
			0.052049048,
			0.0257900921,
			0.0202612996,
			0.0377098971,
			0.0328211261,
			0.0357262943,
			0.0305826272,
			0.0365494994,
			0.0621850315,
			0.0371733517,
			0.0507866787,
			0.0245190484,
			1.0,
			0.0429545883,
			0.0235938419,
			0.035631826,
			0.046160768,
			0.0535362472,
			0.0452770747,
			0.0643562248,
			0.0369234614,
			0.0383927714,
			0.0481232443,
			0.0461574586,
			0.0442388449,
			0.0536606384,
			0.0507178575,
			0.051676508,
			0.0585057094,
			0.038792811,
			0.0335877127,
			0.0523065101,
			0.0696258536,
			0.0371022633,
			0.027239584,
			0.0415611201,
			0.0485005404,
			0.0317861031
		],
		[
			0.0467963217,
			0.0454977344,
			0.0244429932,
			0.0806754745,
			0.0364538181,
			0.051503122,
			0.0298921434,
			0.0336233096,
			0.0442747789,
			0.0343652387,
			0.0432369817,
			0.037475641,
			0.0325882582,
			0.0471021556,
			0.0309747445,
			0.0479066806,
			0.0417005926,
			0.0566849948,
			0.0328605014,
			0.0429545883,
			1.0,
			0.0692778846,
			0.0456438983,
			0.0566104649,
			0.0527182346,
			0.042929879,
			0.0476223575,
			0.0328213185,
			0.0415695754,
			0.0419212282,
			0.0445926304,
			0.0465059422,
			0.036637526,
			0.0330733787,
			0.0389112539,
			0.0420648391,
			0.062820608,
			0.0373122196,
			0.0489090767,
			0.0165126928,
			0.0522654497,
			0.0378674836,
			0.0361939146,
			0.0379185326,
			0.020582335
		],
		[
			0.0479743137,
			0.0501843932,
			0.0332727727,
			0.0423110613,
			0.0528226759,
			0.0290198395,
			0.0437621314,
			0.0458527551,
			0.039934832,
			0.0429229082,
			0.0688799813,
			0.0406746117,
			0.0544357741,
			0.0595900626,
			0.050393214,
			0.0473918393,
			0.0406304253,
			0.0283058344,
			0.0455754584,
			0.0235938419,
			0.0692778846,
			1.0,
			0.0507091644,
			0.0412610429,
			0.0525358694,
			0.0603371679,
			0.0652293712,
			0.055778619,
			0.0328540536,
			0.081271575,
			0.0549153687,
			0.0356529093,
			0.04768253,
			0.0371477101,
			0.0672994454,
			0.048803121,
			0.0366300775,
			0.020856659,
			0.0323946377,
			0.0340486134,
			0.0436865089,
			0.0476124428,
			0.0381797053,
			0.0371550695,
			0.0271900298
		],
		[
			0.0475394384,
			0.0362795374,
			0.0494533667,
			0.0553812177,
			0.0339318187,
			0.0423065243,
			0.0516237018,
			0.0269743814,
			0.0568085736,
			0.0380395927,
			0.0152509752,
			0.0367711215,
			0.0578105038,
			0.0440886537,
			0.0331602375,
			0.0525676977,
			0.0585018134,
			0.0354931726,
			0.0352677446,
			0.035631826,
			0.0456438983,
			0.0507091644,
			1.0,
			0.0585903223,
			0.0467743829,
			0.0243349653,
			0.0510686759,
			0.0274122859,
			0.046379917,
			0.039608031,
			0.0100306165,
			0.0362706825,
			0.0286311407,
			0.0524593147,
			0.0521777641,
			0.0306040852,
			0.0368513229,
			0.0547472066,
			0.0372828141,
			0.0173565266,
			0.040620196,
			0.0497625095,
			0.0109096603,
			0.0337792561,
			0.0177258634
		],
		[
			0.0422785226,
			0.0408331285,
			0.0485988294,
			0.0397154582,
			0.0304259135,
			0.0546151928,
			0.0487692733,
			0.0132680963,
			0.03557743,
			0.0571093186,
			0.0447981775,
			0.0350838214,
			0.0457654011,
			0.0436566949,
			0.0326743925,
			0.054205616,
			0.0256764474,
			0.0646861806,
			0.0536317913,
			0.046160768,
			0.0566104649,
			0.0412610429,
			0.0585903223,
			1.0,
			0.0160203447,
			0.0502448847,
			0.0451125436,
			0.0332029445,
			0.0482409411,
			0.0576699473,
			0.0538897015,
			0.0501956911,
			0.047612307,
			0.0474723989,
			0.0580104995,
			0.0452745288,
			0.0458639775,
			0.0525579516,
			0.0326629086,
			0.060134555,
			0.043081027,
			0.0581924511,
			0.0543566181,
			0.0381871392,
			0.0257461489
		],
		[
			0.0431459255,
			0.0397460457,
			0.0524969628,
			0.0473755116,
			0.013095379,
			0.0348867543,
			0.0549256513,
			0.0452177785,
			0.0532076266,
			0.0522935648,
			0.0453490176,
			0.0352057958,
			0.035165684,
			0.0155664953,
			0.0323521991,
			0.0386671798,
			0.044128979,
			0.0352617904,
			0.0378199109,
			0.0535362472,
			0.0527182346,
			0.0525358694,
			0.0467743829,
			0.0160203447,
			1.0,
			0.0480585644,
			0.0282561934,
			0.0382396819,
			0.0362607565,
			0.0376011644,
			0.0321458738,
			0.0763781721,
			0.0221671458,
			0.053955241,
			0.0381832202,
			0.0327110747,
			0.0300947668,
			0.0399539772,
			0.0133410508,
			0.034723864,
			0.0368469936,
			0.0349019773,
			0.0332714314,
			0.0417524473,
			-0.0027362009
		],
		[
			0.0717895181,
			0.0509575108,
			0.0195649993,
			0.0313947922,
			0.0353682702,
			0.0346891269,
			0.089407193,
			0.0487974048,
			0.035350492,
			0.0619293744,
			0.0580595932,
			0.0422817329,
			0.0410719491,
			0.0475001298,
			0.0326949603,
			0.0389198758,
			0.0760779472,
			0.0360094068,
			0.0442462001,
			0.0452770747,
			0.042929879,
			0.0603371679,
			0.0243349653,
			0.0502448847,
			0.0480585644,
			1.0,
			0.032890547,
			0.034748016,
			0.0254599672,
			0.0511739568,
			0.024433955,
			0.0558671147,
			0.0213072247,
			0.0305170052,
			0.0429416108,
			0.0323236911,
			0.05467562,
			0.0324302574,
			0.0605198031,
			0.0293774828,
			0.033956672,
			0.0334780565,
			0.0948035038,
			0.0359170415,
			-0.0018161657
		],
		[
			0.0808487703,
			0.0306800883,
			0.0396577693,
			0.0468833937,
			0.0445158805,
			0.0369102095,
			0.0477853861,
			0.0360214042,
			0.0473343806,
			0.0412668608,
			0.0463045433,
			0.0271523964,
			0.0311143532,
			0.060013284,
			0.0489453515,
			0.0309819801,
			0.0402177444,
			0.032197265,
			0.0279303869,
			0.0643562248,
			0.0476223575,
			0.0652293712,
			0.0510686759,
			0.0451125436,
			0.0282561934,
			0.032890547,
			1.0,
			0.0495326563,
			0.0474209304,
			0.0444483825,
			0.0378427513,
			0.0341979955,
			0.0263907054,
			0.037899538,
			0.0290667302,
			0.0573446157,
			0.0447585325,
			0.0337792346,
			0.0342206934,
			0.0412128254,
			0.0454415479,
			0.0391443578,
			0.0352361804,
			0.0246457397,
			0.0174359348
		],
		[
			0.0760265765,
			0.0505737194,
			0.0446086643,
			0.045115009,
			0.0552722892,
			0.0543173489,
			0.0601492553,
			0.0487523887,
			0.0358000102,
			0.0506257631,
			0.0420140915,
			0.0395052751,
			0.0391818873,
			0.0376807849,
			0.036528874,
			0.0484185559,
			0.0419272923,
			0.0331736538,
			0.0443921774,
			0.0369234614,
			0.0328213185,
			0.055778619,
			0.0274122859,
			0.0332029445,
			0.0382396819,
			0.034748016,
			0.0495326563,
			1.0,
			0.026373818,
			0.038375778,
			0.0503625512,
			0.0479080293,
			0.0446030282,
			0.0316576698,
			0.0400169126,
			0.0566202699,
			0.0376492369,
			0.0364018336,
			0.0239482632,
			0.0877011197,
			0.0489450553,
			0.0220707447,
			0.0293169343,
			0.0450925362,
			0.0060796978
		],
		[
			0.0380147351,
			0.0398459722,
			0.0523508368,
			0.0353030588,
			0.0488764439,
			0.0337543728,
			0.0585619398,
			0.0235284966,
			0.0595092297,
			0.067279649,
			0.0618624751,
			0.0366708905,
			0.0248956788,
			0.0315090432,
			0.0344800527,
			0.0459715792,
			0.0548084149,
			0.0531803159,
			0.054107137,
			0.0383927714,
			0.0415695754,
			0.0328540536,
			0.046379917,
			0.0482409411,
			0.0362607565,
			0.0254599672,
			0.0474209304,
			0.026373818,
			1.0,
			0.0979671079,
			0.0419717943,
			0.0306257322,
			0.0439790284,
			0.0514613404,
			0.0325524518,
			0.039389454,
			0.0252482877,
			0.0262202657,
			0.0486338001,
			0.0326585706,
			0.0660106676,
			0.0328186139,
			0.0417492078,
			0.0366651841,
			0.0298613368
		],
		[
			0.0414066198,
			0.0670505562,
			0.0745261875,
			0.0603498472,
			0.0608419825,
			0.0578652827,
			0.0342658767,
			0.0404475637,
			0.0511050414,
			0.0459444806,
			0.055056669,
			0.0453048528,
			0.0365419508,
			0.0414366969,
			0.0468737413,
			0.0561964569,
			0.0790709163,
			0.0497017434,
			0.0440580149,
			0.0481232443,
			0.0419212282,
			0.081271575,
			0.039608031,
			0.0576699473,
			0.0376011644,
			0.0511739568,
			0.0444483825,
			0.038375778,
			0.0979671079,
			1.0,
			0.0595738009,
			0.0292315239,
			0.045397245,
			0.0407292802,
			0.0386126377,
			0.0575239641,
			0.0359349846,
			0.0598135805,
			0.0345358172,
			0.0415145894,
			0.0513980264,
			0.0553600967,
			0.0470319378,
			0.0440342772,
			-0.0036272345
		],
		[
			0.0533317144,
			0.0263186534,
			0.0323430581,
			0.0255202405,
			0.0374692738,
			0.0354978069,
			0.029155497,
			0.0469418387,
			0.0434075372,
			0.0462144896,
			0.0324616367,
			0.0390697012,
			0.0617239053,
			0.0402720354,
			0.0543929741,
			0.1003258702,
			0.0407357326,
			0.0648921435,
			0.0579299252,
			0.0461574586,
			0.0445926304,
			0.0549153687,
			0.0100306165,
			0.0538897015,
			0.0321458738,
			0.024433955,
			0.0378427513,
			0.0503625512,
			0.0419717943,
			0.0595738009,
			1.0,
			0.0486876996,
			0.0521859669,
			0.0569185834,
			0.0499226574,
			0.0406751289,
			0.0608660409,
			0.0416349315,
			0.0272203235,
			0.0518811939,
			0.038082504,
			0.017841431,
			0.0466533837,
			0.0250811731,
			0.0390120753
		],
		[
			0.0616547279,
			0.041441219,
			0.0337161238,
			0.0552040464,
			0.0257384325,
			0.0543293065,
			0.0467199858,
			0.0415759583,
			0.028948935,
			0.0432156601,
			0.0564268423,
			0.0317839011,
			0.0591654469,
			0.0399016884,
			0.0516336211,
			0.0544005077,
			0.0295756513,
			0.0543424055,
			0.0314037822,
			0.0442388449,
			0.0465059422,
			0.0356529093,
			0.0362706825,
			0.0501956911,
			0.0763781721,
			0.0558671147,
			0.0341979955,
			0.0479080293,
			0.0306257322,
			0.0292315239,
			0.0486876996,
			1.0,
			0.0426804731,
			0.0563473737,
			0.0460206644,
			0.043236491,
			0.0294102341,
			0.0450831983,
			0.0383867423,
			0.0436434299,
			0.0425825528,
			0.0472012463,
			0.049927716,
			0.0294047513,
			0.0259620052
		],
		[
			0.0279316783,
			0.0407015027,
			0.0360064897,
			0.0261435165,
			0.0531694075,
			0.0348253851,
			0.0410835048,
			0.0376755348,
			0.0403285623,
			0.028462434,
			0.0383521088,
			0.0409327967,
			0.0235044195,
			0.0499074656,
			0.0316671386,
			0.0576471993,
			0.0724594295,
			0.0436017016,
			0.0434201916,
			0.0536606384,
			0.036637526,
			0.04768253,
			0.0286311407,
			0.047612307,
			0.0221671458,
			0.0213072247,
			0.0263907054,
			0.0446030282,
			0.0439790284,
			0.045397245,
			0.0521859669,
			0.0426804731,
			1.0,
			0.0407322591,
			0.0505460723,
			0.029092194,
			0.0497932514,
			0.0328106238,
			0.0334320221,
			0.0359983944,
			0.0482279396,
			0.0526261503,
			0.0661054217,
			0.0544482882,
			0.0317736919
		],
		[
			0.0437177965,
			0.0307773049,
			0.0439137063,
			0.0450469989,
			0.0349365577,
			0.0332891211,
			0.0280644442,
			0.0434329332,
			0.0322533459,
			0.0283009076,
			0.0502476581,
			0.0306790456,
			0.0389011639,
			0.0361308419,
			0.0417091323,
			0.0447319699,
			0.0336196226,
			0.0857164622,
			0.0649675363,
			0.0507178575,
			0.0330733787,
			0.0371477101,
			0.0524593147,
			0.0474723989,
			0.053955241,
			0.0305170052,
			0.037899538,
			0.0316576698,
			0.0514613404,
			0.0407292802,
			0.0569185834,
			0.0563473737,
			0.0407322591,
			1.0,
			0.0752550413,
			0.0459683899,
			0.0359604607,
			0.0233844923,
			0.0480737722,
			0.0577596163,
			0.0501332785,
			0.0336227223,
			0.067798505,
			0.0362529667,
			0.0419294436
		],
		[
			0.059320129,
			0.0237647886,
			0.036522745,
			0.0364491815,
			0.0313849597,
			0.0113114346,
			0.0292235404,
			0.0167850816,
			0.0264553235,
			0.0386282981,
			0.0526693335,
			0.0527899545,
			0.0432177647,
			0.0323626768,
			0.0528049273,
			0.0247919736,
			0.0448026595,
			0.0298549483,
			0.0335559537,
			0.051676508,
			0.0389112539,
			0.0672994454,
			0.0521777641,
			0.0580104995,
			0.0381832202,
			0.0429416108,
			0.0290667302,
			0.0400169126,
			0.0325524518,
			0.0386126377,
			0.0499226574,
			0.0460206644,
			0.0505460723,
			0.0752550413,
			1.0,
			0.0444252563,
			0.0380544664,
			0.0368589636,
			0.063279239,
			0.0400989718,
			0.0477219469,
			0.0358170433,
			0.052870185,
			0.0693392917,
			0.0240034416
		],
		[
			0.045475074,
			0.047523108,
			0.0337193929,
			0.0372228924,
			0.0593040673,
			0.0509135079,
			0.0569287772,
			0.0364634661,
			0.0671432003,
			0.0479190527,
			0.0402506268,
			0.0639437326,
			0.054425505,
			0.0179438723,
			0.0753761391,
			0.0413499485,
			0.0411599628,
			0.0330268825,
			0.0492429969,
			0.0585057094,
			0.0420648391,
			0.048803121,
			0.0306040852,
			0.0452745288,
			0.0327110747,
			0.0323236911,
			0.0573446157,
			0.0566202699,
			0.039389454,
			0.0575239641,
			0.0406751289,
			0.043236491,
			0.029092194,
			0.0459683899,
			0.0444252563,
			1.0,
			0.0842892091,
			0.0502871482,
			0.0797014205,
			0.070823126,
			0.1400795501,
			0.0432399913,
			0.0318871098,
			0.0313680038,
			-0.0038391103
		],
		[
			0.0179649832,
			0.0328904816,
			0.0327213123,
			0.0278302446,
			0.0539924724,
			0.0382680899,
			0.0698909533,
			0.0510462772,
			0.0326107048,
			0.0280660851,
			0.0396849238,
			0.0543209694,
			0.0552789406,
			0.0537083424,
			0.0343554769,
			0.0345451448,
			0.0621703662,
			0.0392169392,
			0.0429006949,
			0.038792811,
			0.062820608,
			0.0366300775,
			0.0368513229,
			0.0458639775,
			0.0300947668,
			0.05467562,
			0.0447585325,
			0.0376492369,
			0.0252482877,
			0.0359349846,
			0.0608660409,
			0.0294102341,
			0.0497932514,
			0.0359604607,
			0.0380544664,
			0.0842892091,
			1.0,
			0.0466416501,
			0.0382231788,
			0.0323382634,
			0.0358785338,
			0.0351535318,
			0.0545520726,
			0.0284321047,
			-0.0090369987
		],
		[
			0.0172532819,
			0.0467637028,
			0.0298585426,
			0.0388357797,
			0.0362419158,
			0.0481830524,
			0.0337516964,
			0.0610793277,
			0.0395532648,
			0.0350593848,
			0.0559374228,
			0.0417163488,
			0.0276797877,
			0.0421338341,
			0.0269879861,
			0.0285544683,
			0.0361613336,
			0.0518433587,
			0.0453568537,
			0.0335877127,
			0.0373122196,
			0.020856659,
			0.0547472066,
			0.0525579516,
			0.0399539772,
			0.0324302574,
			0.0337792346,
			0.0364018336,
			0.0262202657,
			0.0598135805,
			0.0416349315,
			0.0450831983,
			0.0328106238,
			0.0233844923,
			0.0368589636,
			0.0502871482,
			0.0466416501,
			1.0,
			0.0660347623,
			0.0402929924,
			0.0533897415,
			0.0620850655,
			0.0329339091,
			0.0287005997,
			-0.0082965454
		],
		[
			0.0262150016,
			0.0445045618,
			0.0235652832,
			0.0341723667,
			0.0464605401,
			0.0547626409,
			0.0414364782,
			0.0457736779,
			0.036759431,
			0.0268708548,
			0.0472437615,
			0.0403071244,
			0.050218306,
			0.0258094422,
			0.0369218852,
			0.0247312144,
			0.0397336469,
			0.0369172063,
			0.0242442899,
			0.0523065101,
			0.0489090767,
			0.0323946377,
			0.0372828141,
			0.0326629086,
			0.0133410508,
			0.0605198031,
			0.0342206934,
			0.0239482632,
			0.0486338001,
			0.0345358172,
			0.0272203235,
			0.0383867423,
			0.0334320221,
			0.0480737722,
			0.063279239,
			0.0797014205,
			0.0382231788,
			0.0660347623,
			1.0,
			0.0545418674,
			0.0356023176,
			0.0543156491,
			0.0302988218,
			0.0266171255,
			0.0023063846
		],
		[
			0.0496069118,
			0.0421733371,
			0.0387616183,
			0.0517587843,
			0.0480409872,
			0.0418746221,
			0.0354982498,
			0.0556195503,
			0.0458067846,
			0.0419369112,
			0.0484319614,
			0.0500067932,
			0.0682699479,
			0.0430012666,
			0.0300394766,
			0.0525172374,
			0.1078199457,
			0.0383350271,
			0.0195520701,
			0.0696258536,
			0.0165126928,
			0.0340486134,
			0.0173565266,
			0.060134555,
			0.034723864,
			0.0293774828,
			0.0412128254,
			0.0877011197,
			0.0326585706,
			0.0415145894,
			0.0518811939,
			0.0436434299,
			0.0359983944,
			0.0577596163,
			0.0400989718,
			0.070823126,
			0.0323382634,
			0.0402929924,
			0.0545418674,
			1.0,
			0.0605659471,
			0.0324058442,
			0.052398138,
			0.0348689452,
			0.0527548072
		],
		[
			0.045443609,
			0.0372235892,
			0.0476852472,
			0.0387727867,
			0.06321444,
			0.0614202778,
			0.0562248426,
			0.0325964177,
			0.04636955,
			0.0269062431,
			0.091264821,
			0.0289369767,
			0.0556920227,
			0.0344593929,
			0.0343234625,
			0.0346459158,
			0.037791766,
			0.0504399711,
			0.0282198215,
			0.0371022633,
			0.0522654497,
			0.0436865089,
			0.040620196,
			0.043081027,
			0.0368469936,
			0.033956672,
			0.0454415479,
			0.0489450553,
			0.0660106676,
			0.0513980264,
			0.038082504,
			0.0425825528,
			0.0482279396,
			0.0501332785,
			0.0477219469,
			0.1400795501,
			0.0358785338,
			0.0533897415,
			0.0356023176,
			0.0605659471,
			1.0,
			0.0438871668,
			0.0615368282,
			0.0484228641,
			0.0022491784
		],
		[
			0.0242111994,
			0.0442050048,
			0.0288991707,
			0.0337609,
			0.0819997635,
			0.0366913846,
			0.0636483227,
			0.0402221501,
			0.0487136974,
			0.0543328218,
			0.0328621437,
			0.0501201285,
			0.0289214073,
			0.0528957432,
			0.0362160753,
			0.0634242022,
			0.0499037058,
			0.0400742847,
			0.0418833649,
			0.027239584,
			0.0378674836,
			0.0476124428,
			0.0497625095,
			0.0581924511,
			0.0349019773,
			0.0334780565,
			0.0391443578,
			0.0220707447,
			0.0328186139,
			0.0553600967,
			0.017841431,
			0.0472012463,
			0.0526261503,
			0.0336227223,
			0.0358170433,
			0.0432399913,
			0.0351535318,
			0.0620850655,
			0.0543156491,
			0.0324058442,
			0.0438871668,
			1.0,
			0.023702444,
			0.0519261615,
			-0.010497518
		],
		[
			0.0632414482,
			0.0440198125,
			0.0537898939,
			0.051747593,
			0.0348226231,
			0.0574929189,
			0.065410442,
			0.0574735538,
			0.0489315767,
			0.0579630237,
			0.042254041,
			0.0478722236,
			0.0304619785,
			0.0390779923,
			0.0405913525,
			0.0501263672,
			0.0552637738,
			0.0367105685,
			0.0333722552,
			0.0415611201,
			0.0361939146,
			0.0381797053,
			0.0109096603,
			0.0543566181,
			0.0332714314,
			0.0948035038,
			0.0352361804,
			0.0293169343,
			0.0417492078,
			0.0470319378,
			0.0466533837,
			0.049927716,
			0.0661054217,
			0.067798505,
			0.052870185,
			0.0318871098,
			0.0545520726,
			0.0329339091,
			0.0302988218,
			0.052398138,
			0.0615368282,
			0.023702444,
			1.0,
			0.0637063246,
			0.0622694983
		],
		[
			0.0686811948,
			0.0226918448,
			0.0435616441,
			0.0384277976,
			0.0296643519,
			0.036296362,
			0.039589851,
			0.0752948623,
			0.0463430552,
			0.0313515768,
			0.0504464803,
			0.0442435785,
			0.0277562871,
			0.0318334488,
			0.0474798867,
			0.0420773551,
			0.0417954468,
			0.0830333243,
			0.0289567467,
			0.0485005404,
			0.0379185326,
			0.0371550695,
			0.0337792561,
			0.0381871392,
			0.0417524473,
			0.0359170415,
			0.0246457397,
			0.0450925362,
			0.0366651841,
			0.0440342772,
			0.0250811731,
			0.0294047513,
			0.0544482882,
			0.0362529667,
			0.0693392917,
			0.0313680038,
			0.0284321047,
			0.0287005997,
			0.0266171255,
			0.0348689452,
			0.0484228641,
			0.0519261615,
			0.0637063246,
			1.0,
			0.0331557432
		],
		[
			0.0218940687,
			-0.0023615734,
			0.0145086386,
			0.0069732609,
			0.0646969964,
			0.016421921,
			0.0049243245,
			0.0343206138,
			0.0171097624,
			-0.0016265412,
			0.0280607543,
			0.01225951,
			0.0270262434,
			0.0529988317,
			-0.00442695,
			0.0285953874,
			-0.0061087307,
			0.0387904519,
			0.00719549,
			0.0317861031,
			0.020582335,
			0.0271900298,
			0.0177258634,
			0.0257461489,
			-0.0027362009,
			-0.0018161657,
			0.0174359348,
			0.0060796978,
			0.0298613368,
			-0.0036272345,
			0.0390120753,
			0.0259620052,
			0.0317736919,
			0.0419294436,
			0.0240034416,
			-0.0038391103,
			-0.0090369987,
			-0.0082965454,
			0.0023063846,
			0.0527548072,
			0.0022491784,
			-0.010497518,
			0.0622694983,
			0.0331557432,
			1.0
		]
	],
	"pass_fail": [
		0.5574497470530365,
		0.4160436845590103,
		0.6574672205875894,
		0.2629106987064864,
		0.4557437698723768,
		0.26749288998565396,
		0.28981759999685364,
		0.1742957060624601,
		0.28434078121866263,
		0.25540112734750403,
		0.36322073771781027,
		0.4352751551883333,
		0.27769896365045343,
		0.6055915037023402,
		0.17618924150372112,
		0.3566350887970963,
		0.3738049124172852,
		0.45941606002966323,
		0.38592796186163325,
		0.36703188638703904,
		0.27948806432340373,
		0.30393809855587706,
		0.17724681450855548,
		0.41348710537407335,
		0.2665046849982575,
		0.24754924468782566,
		0.3196087945849435,
		0.2907398772863973,
		0.25107081132732745,
		0.5171589498388415,
		0.5602125890010381,
		0.4266214535914065,
		0.5742371415850447,
		0.37186542946341694,
		0.4572250098408522,
		0.3684266193356025,
		0.26506192815615576,
		0.3502095709989905,
		0.38783850136979586,
		0.47886574207827304,
		0.28117669224311975,
		0.3066233533238961,
		0.15626765075664342,
		0.5392290061172257,
		0.17483718637875428,
		0.34380912769039007,
		0.8558409577111782,
		0.3246256361841803,
		0.2663243787536871,
		0.26587209325551686,
		0.5615813602986053,
		0.3876840747334228,
		0.4717166586217713,
		0.32977168151204167,
		0.17514353219231465,
		0.28964537983881483,
		0.32469413000378455,
		0.5095402930701105,
		0.40698833241433763,
		0.625356934144741,
		0.327950381655079,
		0.32538822854043925,
		0.4669598909157598,
		0.39708005647667305,
		0.4431220251175729,
		0.6455654920032832,
		0.3328679868562042,
		0.3480216880084373,
		0.6093840146716576,
		0.3938924091152291,
		0.34751208629364394,
		0.3604353185162169,
		0.17199874115751987,
		0.4692568786342151,
		0.6732098286157848,
		0.5274389575565288,
		0.6063483355298307,
		0.5076017144737349,
		0.254557726084857,
		0.31739028681576176,
		0.335315160572243,
		0.739964028001384,
		0.28941320645122454,
		0.42234401598126253,
		0.43393680681510105,
		0.5221299860010669,
		0.32955816706309354,
		0.7887300023135205,
		0.6397863468698556,
		0.8179493870559438,
		0.3500758527909509,
		0.5162417813644155,
		0.547676043946528,
		0.3306523781500757,
		0.275894319105221,
		0.2625440681907199,
		0.464803689943837,
		0.47639485511832763,
		0.25685313871934123,
		0.32607818323584464,
		0.2965749474202974,
		0.25562238636806717,
		0.43982791881907146,
		0.37144785360794563,
		0.43106709862603604,
		0.3507047370195426,
		0.3236685869988458,
		0.2237085192860351,
		0.40062340245635936,
		0.21769102239084132,
		0.3603542096203563,
		0.37256304460869194,
		0.4267112186866928,
		0.2199452610150075,
		0.312892873821879,
		0.402741205867955,
		0.5228990381235963,
		0.17041048526438765,
		0.40926605129146526,
		0.3321019830813813,
		0.6469867537402479,
		0.3846135156167804,
		0.34355651784424146,
		0.30129342377080687,
		0.4161702061456595,
		0.30324980293926934,
		0.4103071173177776,
		0.26463109784320277,
		0.6681130738646858,
		0.2153769632567087,
		0.4337148946341187,
		0.5774927480023772,
		0.3634966088704474,
		0.3440095150327549,
		0.42835767415255904,
		0.32139090862823216,
		0.48509219163907624,
		0.31358502471354754,
		0.6352462397812587,
		0.30671815201134733,
		0.33619172225466426,
		0.3453063484480125,
		0.49382324060690413,
		0.538519363635899,
		0.7743617176811132,
		0.5927228584791295,
		0.29129115086299767,
		0.33691997613111707,
		0.5734052185392234,
		0.5388076967616192,
		0.2958594515582625,
		0.4203950041635495,
		0.5647669506420266,
		0.3721758329438306,
		0.33571375393634206,
		0.314302232495661,
		0.29772020286088,
		0.37076484547786553,
		0.3710820306229941,
		0.5467085924795104,
		0.3769076575963778,
		0.41494137489174127,
		0.33938648259296905,
		0.5383629436342268,
		0.42899526486520506,
		0.5742426275390332,
		0.23589714985931315,
		0.5074224099615886,
		0.4998576719964288,
		0.4585211752605478,
		0.4215604687261773,
		0.22416966800582933,
		0.21019004190471807,
		0.3034060331437859,
		0.24684250809801278,
		0.31274146874272835,
		0.5110847584933577,
		0.36144892274805357,
		0.3731929762419013,
		0.3803805341235508,
		0.22218768328038396,
		0.3124830287497186,
		0.18640045228618343,
		0.3835985798897819,
		0.2916311507358075,
		0.5462165458606292,
		0.39967846143079644,
		0.3543469627450104,
		0.3448026523814136,
		0.36693088401675605,
		0.5070475090829899,
		0.39285484856311614,
		0.3208393672116363,
		0.3327766876981177,
		0.38033832404766404,
		0.430844441955377,
		0.610846062685343,
		0.28918493072774576,
		0.35514935593499547,
		0.27116521063136706,
		0.2779569554721983,
		0.3980565103102539,
		0.3712680121908956,
		0.5174890969427859,
		0.21650723932781474,
		0.2559368891795186,
		0.42478238770601356,
		0.5249793504431618,
		0.4786444789275204,
		0.6316508340388478,
		0.5762660120171136,
		0.36529337627721803,
		0.4712384247576136,
		0.368729131314132,
		0.526476043777249,
		0.23390830189863474,
		0.5306250079815865,
		0.27222262501054456,
		0.4240131783570812,
		0.5382060861257694,
		0.5774592546008106,
		0.2118503007226947,
		0.4676844333941724,
		0.3526252080013118,
		0.664822696794186,
		0.4095767518229327,
		0.48002461431544513,
		0.36262984049716745,
		0.4036981769058102,
		0.1842541278325884,
		0.6673552531920722,
		0.46485615465420066,
		0.3308004106518885,
		0.34975073622878855,
		0.39295021645592854,
		0.5770754928238497,
		0.35290601748044964,
		0.31296582439657905,
		0.39070894490649416,
		0.2470818859691583,
		0.33837384856172725,
		0.41362912287726705,
		0.5938758665424625,
		0.21020615363597386,
		0.6200167482293745,
		0.349457483911006,
		0.6199262799297126,
		0.7762973751141197,
		0.5162991132032535,
		0.43443031329161125,
		0.6752926260419133,
