{
	"meas": 44,
	"meas_time": 99.83372299999998,
	"ports": 8,
	"exp_yield": 3,
	"calib": 20,
	"calib_time": 339.07016,
	"seed": 12345,
	"failed_devices": 1127,
	"total_devices": 10000,
	"precision": 95,
	"covr_mtrx": [
		[
			1.0,
			0.0234433644,
			0.0263394433,
			0.0153567634,
			0.0279998656,
			0.027756355,
			0.0061193424,
			0.026061005,
			0.0198211835,
			0.0248533493,
			0.0219845386,
			0.0071059012,
			0.0226232166,
			0.0085714578,
			0.023730366,
			0.0201172748,
			0.0336293627,
			0.0141264457,
			0.0274107962,
			0.0218733117,
			0.023196783,
			0.0220158548,
			0.0256831142,
			0.018952491,
			0.0178700434,
			0.046114455,
			0.0587466975,
			0.0517705191,
			0.0144807152,
			0.0141238071,
			0.0282582974,
			0.0353711335,
			0.002814194,
			0.1106577819,
			0.1090059887,
			0.103557212,
			0.0973207887,
			0.0838108876,
			0.1072048238,
			0.1049286095,
			0.1155837613,
			0.0920043209,
			0.1103705834,
			0.1241693488,
			0.098202618
		],
		[
			0.0234433644,
			1.0,
			0.020937041,
			0.029540367,
			0.02815786,
			0.0085886867,
			0.0237196958,
			0.0242135294,
			0.0251192905,
			0.0010082492,
			0.0104216246,
			0.0044121709,
			0.0021448305,
			0.0204219039,
			0.0112727699,
			0.0051032691,
			0.0277634121,
			0.0162966037,
			0.0212001076,
			0.0104715233,
			0.0202715914,
			0.0268289347,
			0.0135367831,
			0.0162542436,
			0.017924852,
			0.0250251662,
			0.006990417,
			0.0265416391,
			0.0146364808,
			0.041624139,
			0.0006431835,
			0.0148985718,
			0.012416316,
			0.0984749336,
			0.0902505231,
			0.10099214,
			0.1023904309,
			0.1001390572,
			0.1049972946,
			0.0995168295,
			0.0919777058,
			0.098852045,
			0.1058406017,
			0.0909158925,
			0.0618784786
		],
		[
			0.0263394433,
			0.020937041,
			1.0,
			0.0166218388,
			0.0392514523,
			0.0404184361,
			0.0084429812,
			0.0182471583,
			0.0417656355,
			0.017814917,
			0.0266965801,
			0.0235951503,
			0.0171701434,
			0.0284026153,
			0.0110340318,
			-0.0040376342,
			0.0283568581,
			0.025499972,
			0.0158415516,
			0.0217116581,
			0.0025098575,
			0.0088373953,
			0.0241585367,
			0.0251650293,
			0.0296537106,
			-0.0027848778,
			0.0136059569,
			0.0228135808,
			0.0287359653,
			0.0500807013,
			0.0106708996,
			0.0110565558,
			0.0130762003,
			0.0923023136,
			0.0906519054,
			0.098032872,
			0.0853686208,
			0.0835619788,
			0.0865518205,
			0.0995307899,
			0.0834509355,
			0.0966395392,
			0.091720391,
			0.0895625551,
			0.0834371299
		],
		[
			0.0153567634,
			0.029540367,
			0.0166218388,
			1.0,
			0.0174973777,
			0.01645479,
			0.0167765204,
			-0.0020399572,
			0.0092696234,
			-0.0024426663,
			0.0198602952,
			0.0156174549,
			0.0300182247,
			0.0107366149,
			0.0349519565,
			0.0275098214,
			0.0260782341,
			0.008419748,
			0.0062870275,
			-0.0077210175,
			0.0592449423,
			0.0162022672,
			0.0287847599,
			0.013829763,
			0.0236305192,
			0.008128109,
			0.0196476471,
			0.0223220334,
			0.0105954151,
			0.033589491,
			0.0026564983,
			0.0323405912,
			0.0021681892,
			0.1028242117,
			0.1097076863,
			0.1044002623,
			0.0968619576,
			0.0901328197,
			0.0980250375,
			0.1086234824,
			0.0927052073,
			0.1016903327,
			0.104028367,
			0.100308823,
			0.0501892281
		],
		[
			0.0279998656,
			0.02815786,
			0.0392514523,
			0.0174973777,
			1.0,
			0.0098933465,
			0.0189451728,
			0.0151825831,
			0.01928303,
			0.0160637654,
			0.022224093,
			0.0224254831,
			0.0163043837,
			0.0331271974,
			0.0011556189,
			0.0868652799,
			0.0120416385,
			0.0142899427,
			-0.0001103239,
			0.0434233409,
			0.0137561328,
			0.0294844156,
			0.0085284773,
			0.006677124,
			-0.0124262767,
			0.0087812352,
			0.0185210135,
			0.0308367651,
			0.0211885204,
			0.0358220135,
			0.0125809419,
			0.0006679018,
			0.027063053,
			0.1186849611,
			0.1074898388,
			0.1350777345,
			0.1182087077,
			0.1047070498,
			0.1192614011,
			0.1319304725,
			0.117037877,
			0.1340849078,
			0.1129852323,
			0.1113838554,
			0.0909944564
		],
		[
			0.027756355,
			0.0085886867,
			0.0404184361,
			0.01645479,
			0.0098933465,
			1.0,
			0.0482257417,
			-0.0000966926,
			0.0201986381,
			0.0265165664,
			0.033096746,
			0.0141730169,
			0.0242582992,
			0.0382571118,
			0.0173978912,
			0.015470172,
			0.0163204864,
			0.0350792769,
			0.0174796851,
			0.021379393,
			0.025148022,
			0.0019278494,
			0.0190062876,
			0.0296914377,
			0.0092155504,
			0.0098282456,
			0.0127311324,
			0.0291412427,
			0.0096871498,
			0.0297892648,
			0.009372608,
			0.0275751654,
			0.0074857453,
			0.1152116858,
			0.1087143137,
			0.1129043417,
			0.1141955456,
			0.1197878954,
			0.124293788,
			0.1103953003,
			0.1093656392,
			0.1151442731,
			0.1198275577,
			0.1139890933,
			0.0889295926
		],
		[
			0.0061193424,
			0.0237196958,
			0.0084429812,
			0.0167765204,
			0.0189451728,
			0.0482257417,
			1.0,
			0.0169688869,
			0.0009964138,
			-0.0033879106,
			0.0022341787,
			0.0743270008,
			0.0317801514,
			0.0157493224,
			0.0160076811,
			0.0053738846,
			0.0016136854,
			0.0522107899,
			0.0068716175,
			0.0433650641,
			0.0069311062,
			0.0204348489,
			0.0276625881,
			0.0253731525,
			0.0317694414,
			0.0655981511,
			0.0227458553,
			0.0366841606,
			0.0326169233,
			0.008677235,
			0.0048996273,
			0.0229205554,
			0.0153707842,
			0.1010567884,
			0.0976199911,
			0.1122425939,
			0.1119124059,
			0.0955161954,
			0.1041167003,
			0.1062236233,
			0.0982745379,
			0.1118753619,
			0.1110752021,
			0.0994389485,
			0.0848940595
		],
		[
			0.026061005,
			0.0242135294,
			0.0182471583,
			-0.0020399572,
			0.0151825831,
			-0.0000966926,
			0.0169688869,
			1.0,
			0.004736316,
			0.0093432302,
			0.0329222204,
			0.008226843,
			0.0157824154,
			0.0080644257,
			0.0098317711,
			0.0019111033,
			0.009132881,
			0.0282409227,
			0.0014794378,
			0.0255826158,
			0.0106487935,
			0.0207209839,
			0.004834188,
			-0.0111529437,
			0.020694957,
			0.0232122901,
			0.0131264876,
			0.0223524013,
			-0.0019656373,
			0.0130003668,
			0.0202897796,
			0.017750187,
			0.0117352164,
			0.119835643,
			0.100642441,
			0.1064462649,
			0.1175216669,
			0.1016766124,
			0.1049616945,
			0.111872427,
			0.0927133057,
			0.0983765216,
			0.1195301879,
			0.1183086165,
			0.0560643322
		],
		[
			0.0198211835,
			0.0251192905,
			0.0417656355,
			0.0092696234,
			0.01928303,
			0.0201986381,
			0.0009964138,
			0.004736316,
			1.0,
			0.0152086554,
			0.0111288898,
			0.0204980845,
			0.0113936015,
			0.0003317106,
			0.0182894048,
			0.0154092498,
			0.0278415663,
			0.0053773568,
			0.0473673911,
			0.0024683898,
			0.0215249868,
			0.0163209819,
			0.033180491,
			0.0124357735,
			0.0293816856,
			0.0101796768,
			0.0222023055,
			0.0129074498,
			0.0348732025,
			0.0270568032,
			0.0212969096,
			0.0034022971,
			0.0162714981,
			0.0915284783,
			0.0831076621,
			0.1104912066,
			0.0918927853,
			0.0843175832,
			0.0949836979,
			0.1047678444,
			0.0935853649,
			0.101440264,
			0.0966637087,
			0.0953405672,
			0.068890515
		],
		[
			0.0248533493,
			0.0010082492,
			0.017814917,
			-0.0024426663,
			0.0160637654,
			0.0265165664,
			-0.0033879106,
			0.0093432302,
			0.0152086554,
			1.0,
			0.0128728031,
			0.0452770173,
			0.0256918507,
			0.0102899281,
			0.0361333578,
			0.0033821422,
			0.0089713835,
			0.027989644,
			0.0120746703,
			-0.0022425627,
			0.0118961302,
			0.0175430179,
			0.0117526593,
			0.0324629723,
			0.0294051723,
			0.0405344786,
			0.0145593312,
			0.0286094346,
			0.0442520253,
			0.0193860708,
			0.0244888008,
			0.0203627666,
			0.0050239796,
			0.0896490915,
			0.101181838,
			0.0983935085,
			0.0880171337,
			0.0872411152,
			0.0895812831,
			0.0968622519,
			0.0796442948,
			0.1015317905,
			0.0968833909,
			0.0886233526,
			0.1030588539
		],
		[
			0.0219845386,
			0.0104216246,
			0.0266965801,
			0.0198602952,
			0.022224093,
			0.033096746,
			0.0022341787,
			0.0329222204,
			0.0111288898,
			0.0128728031,
			1.0,
			0.0172684837,
			0.018966936,
			0.0128615359,
			0.0255450014,
			0.020893662,
			0.0170480143,
			0.029653207,
			0.0085294297,
			0.0129987022,
			0.0181764816,
			0.0462475533,
			-0.0084416107,
			0.0206650536,
			0.0238754753,
			0.0325038003,
			0.0227989939,
			0.0181567009,
			0.0372211986,
			0.0295061699,
			0.0074023927,
			0.0302702497,
			0.0097704655,
			0.10894966,
			0.1060277302,
			0.1086935742,
			0.1077614957,
			0.1168153453,
			0.1162372197,
			0.1110229088,
			0.1114703767,
			0.1089437787,
			0.1087731135,
			0.1027755157,
			0.0661363293
		],
		[
			0.0071059012,
			0.0044121709,
			0.0235951503,
			0.0156174549,
			0.0224254831,
			0.0141730169,
			0.0743270008,
			0.008226843,
			0.0204980845,
			0.0452770173,
			0.0172684837,
			1.0,
			0.0161034337,
			0.0071054097,
			0.012648709,
			0.0149612835,
			0.0058396321,
			0.0002628745,
			0.0088984352,
			0.0116892868,
			0.0129027364,
			0.0179597095,
			0.0140289063,
			0.0102291157,
			0.012557064,
			0.0212189958,
			0.0025147783,
			0.0185932332,
			0.0134449404,
			0.0216742303,
			0.0179593841,
			0.0088090987,
			0.0181969036,
			0.0822181087,
			0.0904036309,
			0.0997916913,
			0.0979649764,
			0.081616921,
			0.0852059547,
			0.0963591544,
			0.0724510901,
			0.0975727886,
			0.0964516931,
			0.0834923109,
			0.0666161195
		],
		[
			0.0226232166,
			0.0021448305,
			0.0171701434,
			0.0300182247,
			0.0163043837,
			0.0242582992,
			0.0317801514,
			0.0157824154,
			0.0113936015,
			0.0256918507,
			0.018966936,
			0.0161034337,
			1.0,
			0.0162434309,
			0.0425748005,
			0.0077655205,
			0.0213938409,
			0.0114690018,
			0.0039646558,
			0.010986823,
			0.009839635,
			0.0310108519,
			0.0357572985,
			0.0221495355,
			0.0130341734,
			0.0142151864,
			0.0070670624,
			0.0153385581,
			-0.00035686,
			0.0109114132,
			0.038242827,
			0.0343887083,
			-0.0024222136,
			0.0992642796,
			0.0976713658,
			0.1054890076,
			0.1071761658,
			0.0832027368,
			0.1015609695,
			0.109692781,
			0.0994141407,
			0.0906533614,
			0.1001065771,
			0.0926130273,
			0.0797827665
		],
		[
			0.0085714578,
			0.0204219039,
			0.0284026153,
			0.0107366149,
			0.0331271974,
			0.0382571118,
			0.0157493224,
			0.0080644257,
			0.0003317106,
			0.0102899281,
			0.0128615359,
			0.0071054097,
			0.0162434309,
			1.0,
			0.01915691,
			0.010854598,
			0.0185186226,
			0.0259763404,
			-0.001131018,
			0.0091450656,
			0.0237337163,
			0.0377797794,
			0.0221355073,
			0.0193233036,
			-0.0071340189,
			0.0262464561,
			0.0368737135,
			0.0164932462,
			0.008207732,
			0.0182977618,
			0.0194971823,
			0.0178452595,
			0.0277630891,
			0.0801524549,
			0.0748322626,
			0.0813062785,
			0.0947298059,
			0.0745126859,
			0.0751837577,
			0.0887360211,
			0.0703186678,
			0.0881010156,
			0.0906953417,
			0.0742172552,
			0.0748198439
		],
		[
			0.023730366,
			0.0112727699,
			0.0110340318,
			0.0349519565,
			0.0011556189,
			0.0173978912,
			0.0160076811,
			0.0098317711,
			0.0182894048,
			0.0361333578,
			0.0255450014,
			0.012648709,
			0.0425748005,
			0.01915691,
			1.0,
			0.0105436728,
			0.0628816069,
			0.0136977734,
			0.0229826854,
			0.0134074379,
			0.0052847654,
			0.0240884759,
			0.0084358185,
			0.0042704317,
			0.0098393543,
			0.0092415345,
			0.0235713866,
			0.0136589652,
			0.0117758701,
			0.0193517502,
			0.0317236145,
			0.0273981647,
			0.0074460392,
			0.0943987149,
			0.1050471623,
			0.1036707779,
			0.0992344441,
			0.0853941758,
			0.0983071275,
			0.0911189942,
			0.0922601036,
			0.0935986428,
			0.1011410551,
			0.0992140606,
			0.0660907371
		],
		[
			0.0201172748,
			0.0051032691,
			-0.0040376342,
			0.0275098214,
			0.0868652799,
			0.015470172,
			0.0053738846,
			0.0019111033,
			0.0154092498,
			0.0033821422,
			0.020893662,
			0.0149612835,
			0.0077655205,
			0.010854598,
			0.0105436728,
			1.0,
			0.0277331237,
			0.006488712,
			0.0344734618,
			0.0372404783,
			0.0247766671,
			0.0227500545,
			0.0266409894,
			0.0296978585,
			0.013145217,
			0.012294884,
			0.0034465294,
			0.0231608428,
			0.0175781219,
			0.029785759,
			0.0766511796,
			0.0301280258,
			0.0313709462,
			0.1142212876,
			0.1038163223,
			0.1218465626,
			0.1086435245,
			0.0914674215,
			0.0999098414,
			0.125080664,
			0.0960250222,
			0.1193507729,
			0.1134158296,
			0.1053558308,
			0.0627297584
		],
		[
			0.0336293627,
			0.0277634121,
			0.0283568581,
			0.0260782341,
			0.0120416385,
			0.0163204864,
			0.0016136854,
			0.009132881,
			0.0278415663,
			0.0089713835,
			0.0170480143,
			0.0058396321,
			0.0213938409,
			0.0185186226,
			0.0628816069,
			0.0277331237,
			1.0,
			0.0122891754,
			0.0132333612,
			0.0130807078,
			0.0174492705,
			0.0131336301,
			0.0329540857,
			-0.0018082902,
			0.0212596143,
			0.0502795851,
			0.0134339329,
			0.0182482105,
			0.0313772675,
			0.0518364388,
			0.0170222128,
			0.0018670531,
			0.0481857092,
			0.0970026058,
			0.1087416603,
			0.101126905,
			0.1096982374,
			0.0923490212,
			0.1123443573,
			0.1205533285,
			0.112865162,
			0.1014079703,
			0.1079112863,
			0.1075016888,
			0.0542682058
		],
		[
			0.0141264457,
			0.0162966037,
			0.025499972,
			0.008419748,
			0.0142899427,
			0.0350792769,
			0.0522107899,
			0.0282409227,
			0.0053773568,
			0.027989644,
			0.029653207,
			0.0002628745,
			0.0114690018,
			0.0259763404,
			0.0136977734,
			0.006488712,
			0.0122891754,
			1.0,
			0.0110914822,
			0.0271012612,
			0.028180289,
			0.0031122553,
			0.0115337968,
			0.0396168058,
			0.0125263273,
			0.0115797387,
			0.0076696736,
			0.009912957,
			0.0299949022,
			0.0230777109,
			0.0418695267,
			0.0254076532,
			0.0143737214,
			0.1144170013,
			0.1025550323,
			0.0997208492,
			0.1043929313,
			0.1348560644,
			0.1234775003,
			0.1012960021,
			0.1001331195,
			0.1223198676,
			0.1037773977,
			0.1158807441,
			0.0631445728
		],
		[
			0.0274107962,
			0.0212001076,
			0.0158415516,
			0.0062870275,
			-0.0001103239,
			0.0174796851,
			0.0068716175,
			0.0014794378,
			0.0473673911,
			0.0120746703,
			0.0085294297,
			0.0088984352,
			0.0039646558,
			-0.001131018,
			0.0229826854,
			0.0344734618,
			0.0132333612,
			0.0110914822,
			1.0,
			0.00049059,
			0.0106244713,
			0.0188570359,
			0.0114317044,
			0.0297612084,
			0.0136898563,
			0.0215538902,
			0.0034152935,
			0.0204588501,
			0.0325141661,
			0.0159173911,
			0.0345000443,
			0.0075173569,
			0.0203083268,
			0.1009207159,
			0.0973209726,
			0.0904967602,
			0.0865685393,
			0.0910205172,
			0.092693805,
			0.0819863834,
			0.0860711681,
			0.0920396423,
			0.0839618336,
			0.0934106943,
			0.0554499375
		],
		[
			0.0218733117,
			0.0104715233,
			0.0217116581,
			-0.0077210175,
			0.0434233409,
			0.021379393,
			0.0433650641,
			0.0255826158,
			0.0024683898,
			-0.0022425627,
			0.0129987022,
			0.0116892868,
			0.010986823,
			0.0091450656,
			0.0134074379,
			0.0372404783,
			0.0130807078,
			0.0271012612,
			0.00049059,
			1.0,
			0.0209412052,
			-0.0015065361,
			0.0141735021,
			0.0233654129,
			0.0299178346,
			0.0201057522,
			0.0426926464,
			0.0112398147,
			0.0141440046,
			0.0216098923,
			0.0205291762,
			0.0206793955,
			0.0290199504,
			0.1099397209,
			0.1030336348,
			0.1029642938,
			0.1021345532,
			0.08838661,
			0.1037098918,
			0.1062663553,
			0.0940025869,
			0.0886974276,
			0.1030310493,
			0.1055119259,
			0.0580249593
		],
		[
			0.023196783,
			0.0202715914,
			0.0025098575,
			0.0592449423,
			0.0137561328,
			0.025148022,
			0.0069311062,
			0.0106487935,
			0.0215249868,
			0.0118961302,
			0.0181764816,
			0.0129027364,
			0.009839635,
			0.0237337163,
			0.0052847654,
			0.0247766671,
			0.0174492705,
			0.028180289,
			0.0106244713,
			0.0209412052,
			1.0,
			0.0467456051,
			0.0246013904,
			0.0315428791,
			0.0318492732,
			0.0202979921,
			0.0253445419,
			0.0112022843,
			0.0198139755,
			0.0172230055,
			0.0226093606,
			0.0208967016,
			0.0111989825,
			0.0896286951,
			0.0927274821,
			0.0926246953,
			0.1054970528,
			0.1002199782,
			0.1073449002,
			0.0855327985,
			0.0953366669,
			0.1013082204,
			0.0980443038,
			0.0952734338,
			0.0547469154
		],
		[
			0.0220158548,
			0.0268289347,
			0.0088373953,
			0.0162022672,
			0.0294844156,
			0.0019278494,
			0.0204348489,
			0.0207209839,
			0.0163209819,
			0.0175430179,
			0.0462475533,
			0.0179597095,
			0.0310108519,
			0.0377797794,
			0.0240884759,
			0.0227500545,
			0.0131336301,
			0.0031122553,
			0.0188570359,
			-0.0015065361,
			0.0467456051,
			1.0,
			0.0258674673,
			0.0148291204,
			0.027485067,
			0.0371446612,
			0.0404183556,
			0.0312014093,
			0.0098067639,
			0.0527863525,
			0.0305053178,
			0.0113001766,
			0.0244670182,
			0.1061399485,
			0.1255458254,
			0.1019284944,
			0.1042918909,
			0.0872030921,
			0.1046685197,
			0.0976821842,
			0.105270003,
			0.1024763948,
			0.1048157502,
			0.1127432859,
			0.1065287802
		],
		[
			0.0256831142,
			0.0135367831,
			0.0241585367,
			0.0287847599,
			0.0085284773,
			0.0190062876,
			0.0276625881,
			0.004834188,
			0.033180491,
			0.0117526593,
			-0.0084416107,
			0.0140289063,
			0.0357572985,
			0.0221355073,
			0.0084358185,
			0.0266409894,
			0.0329540857,
			0.0115337968,
			0.0114317044,
			0.0141735021,
			0.0246013904,
			0.0258674673,
			1.0,
			0.0345729013,
			0.0240291268,
			0.0019138916,
			0.0244264234,
			0.0052499093,
			0.0226267891,
			0.0132446615,
			-0.0121323354,
			0.0137304206,
			0.0055143876,
			0.089731478,
			0.1001472129,
			0.0925547452,
			0.0814299415,
			0.0845134686,
			0.0860293685,
			0.088739618,
			0.0793277342,
			0.0967090286,
			0.0741887334,
			0.0821913046,
			0.0651016159
		],
		[
			0.018952491,
			0.0162542436,
			0.0251650293,
			0.013829763,
			0.006677124,
			0.0296914377,
			0.0253731525,
			-0.0111529437,
			0.0124357735,
			0.0324629723,
			0.0206650536,
			0.0102291157,
			0.0221495355,
			0.0193233036,
			0.0042704317,
			0.0296978585,
			-0.0018082902,
			0.0396168058,
			0.0297612084,
			0.0233654129,
			0.0315428791,
			0.0148291204,
			0.0345729013,
			1.0,
			-0.0069643974,
			0.0273046254,
			0.0197304645,
			0.0101461304,
			0.0256358524,
			0.030821062,
			0.0314174597,
			0.0264700985,
			0.0235923556,
			0.0978699885,
			0.1065407244,
			0.0986334357,
			0.1086686425,
			0.0975314479,
			0.0963878364,
			0.1031494575,
			0.0882117137,
			0.1042526682,
			0.1112732095,
			0.0931171621,
			0.0799346165
		],
		[
			0.0178700434,
			0.017924852,
			0.0296537106,
			0.0236305192,
			-0.0124262767,
			0.0092155504,
			0.0317694414,
			0.020694957,
			0.0293816856,
			0.0294051723,
			0.0238754753,
			0.012557064,
			0.0130341734,
			-0.0071340189,
			0.0098393543,
			0.013145217,
			0.0212596143,
			0.0125263273,
			0.0136898563,
			0.0299178346,
			0.0318492732,
			0.027485067,
			0.0240291268,
			-0.0069643974,
			1.0,
			0.0261166092,
			0.0039583087,
			0.0137397583,
			0.0126901513,
			0.0108436492,
			0.0081012259,
			0.0551056486,
			-0.0002811663,
			0.1066671925,
			0.1021823876,
			0.0894074103,
			0.08335374,
			0.0739878238,
			0.0795289604,
			0.0900549716,
			0.085112861,
			0.086359725,
			0.0843352255,
			0.1051944329,
			0.0579586342
		],
		[
			0.046114455,
			0.0250251662,
			-0.0027848778,
			0.008128109,
			0.0087812352,
			0.0098282456,
			0.0655981511,
			0.0232122901,
			0.0101796768,
			0.0405344786,
			0.0325038003,
			0.0212189958,
			0.0142151864,
			0.0262464561,
			0.0092415345,
			0.012294884,
			0.0502795851,
			0.0115797387,
			0.0215538902,
			0.0201057522,
			0.0202979921,
			0.0371446612,
			0.0019138916,
			0.0273046254,
			0.0261166092,
			1.0,
			0.0093764938,
			0.0101472632,
			0.0000498275,
			0.0260051231,
			-0.0007166168,
			0.0302550975,
			-0.0053121777,
			0.0987157343,
			0.0922431223,
			0.096305074,
			0.1039621176,
			0.0862248188,
			0.1072048118,
			0.0955011205,
			0.0970714348,
			0.0890622678,
			0.1157382598,
			0.0977856965,
			0.0693835794
		],
		[
			0.0587466975,
			0.006990417,
			0.0136059569,
			0.0196476471,
			0.0185210135,
			0.0127311324,
			0.0227458553,
			0.0131264876,
			0.0222023055,
			0.0145593312,
			0.0227989939,
			0.0025147783,
			0.0070670624,
			0.0368737135,
			0.0235713866,
			0.0034465294,
			0.0134339329,
			0.0076696736,
			0.0034152935,
			0.0426926464,
			0.0253445419,
			0.0404183556,
			0.0244264234,
			0.0197304645,
			0.0039583087,
			0.0093764938,
			1.0,
			0.0269965044,
			0.0226592886,
			0.0178469145,
			0.0154069861,
			0.010731285,
			0.0024244142,
			0.0962161461,
			0.0983824224,
			0.1111834936,
			0.0999822089,
			0.0826271405,
			0.0944945014,
			0.1067049338,
			0.0940227321,
			0.1012868969,
			0.0975443072,
			0.0917176276,
			0.0932617618
		],
		[
			0.0517705191,
			0.0265416391,
			0.0228135808,
			0.0223220334,
			0.0308367651,
			0.0291412427,
			0.0366841606,
			0.0223524013,
			0.0129074498,
			0.0286094346,
			0.0181567009,
			0.0185932332,
			0.0153385581,
			0.0164932462,
			0.0136589652,
			0.0231608428,
			0.0182482105,
			0.009912957,
			0.0204588501,
			0.0112398147,
			0.0112022843,
			0.0312014093,
			0.0052499093,
			0.0101461304,
			0.0137397583,
			0.0101472632,
			0.0269965044,
			1.0,
			0.0019473037,
			0.0111891497,
			0.0250191779,
			0.025231571,
			0.0205481634,
			0.1056207463,
			0.106082063,
			0.103946332,
			0.0975800503,
			0.0839460386,
			0.0902236013,
			0.1130128085,
			0.0920236931,
			0.088128629,
			0.0952346866,
			0.1051885255,
			0.1166110732
		],
		[
			0.0144807152,
			0.0146364808,
			0.0287359653,
			0.0105954151,
			0.0211885204,
			0.0096871498,
			0.0326169233,
			-0.0019656373,
			0.0348732025,
			0.0442520253,
			0.0372211986,
			0.0134449404,
			-0.00035686,
			0.008207732,
			0.0117758701,
			0.0175781219,
			0.0313772675,
			0.0299949022,
			0.0325141661,
			0.0141440046,
			0.0198139755,
			0.0098067639,
			0.0226267891,
			0.0256358524,
			0.0126901513,
			0.0000498275,
			0.0226592886,
			0.0019473037,
			1.0,
			0.0748631876,
			0.0179992648,
			0.0071279508,
			0.0187305374,
			0.1030931354,
			0.0872476969,
			0.1052265647,
			0.0924058884,
			0.0787743091,
			0.0927376515,
			0.1033463287,
			0.0907463992,
			0.0931496873,
			0.0973754138,
			0.0888644795,
			0.0611731036
		],
		[
			0.0141238071,
			0.041624139,
			0.0500807013,
			0.033589491,
			0.0358220135,
			0.0297892648,
			0.008677235,
			0.0130003668,
			0.0270568032,
			0.0193860708,
			0.0295061699,
			0.0216742303,
			0.0109114132,
			0.0182977618,
			0.0193517502,
			0.029785759,
			0.0518364388,
			0.0230777109,
			0.0159173911,
			0.0216098923,
			0.0172230055,
			0.0527863525,
			0.0132446615,
			0.030821062,
			0.0108436492,
			0.0260051231,
			0.0178469145,
			0.0111891497,
			0.0748631876,
			1.0,
			0.0331047482,
			0.0033742765,
			0.0195293877,
			0.1207873284,
			0.1222222482,
			0.1166884363,
			0.1135556773,
			0.1088335449,
			0.1092067903,
			0.1121020434,
			0.1035485979,
			0.1122618317,
			0.116873646,
			0.1154488701,
			0.0824654731
		],
		[
			0.0282582974,
			0.0006431835,
			0.0106708996,
			0.0026564983,
			0.0125809419,
			0.009372608,
			0.0048996273,
			0.0202897796,
			0.0212969096,
			0.0244888008,
			0.0074023927,
			0.0179593841,
			0.038242827,
			0.0194971823,
			0.0317236145,
			0.0766511796,
			0.0170222128,
			0.0418695267,
			0.0345000443,
			0.0205291762,
			0.0226093606,
			0.0305053178,
			-0.0121323354,
			0.0314174597,
			0.0081012259,
			-0.0007166168,
			0.0154069861,
			0.0250191779,
			0.0179992648,
			0.0331047482,
			1.0,
			0.0255584451,
			0.0273879594,
			0.110939254,
			0.1031293532,
			0.0950079558,
			0.1045733433,
			0.0883707377,
			0.0894235168,
			0.0982393916,
			0.0829110927,
			0.0823018492,
			0.1007172632,
			0.0921013713,
			0.0860611856
		],
		[
			0.0353711335,
			0.0148985718,
			0.0110565558,
			0.0323405912,
			0.0006679018,
			0.0275751654,
			0.0229205554,
			0.017750187,
			0.0034022971,
			0.0203627666,
			0.0302702497,
			0.0088090987,
			0.0343887083,
			0.0178452595,
			0.0273981647,
			0.0301280258,
			0.0018670531,
			0.0254076532,
			0.0075173569,
			0.0206793955,
			0.0208967016,
			0.0113001766,
			0.0137304206,
			0.0264700985,
			0.0551056486,
			0.0302550975,
			0.010731285,
			0.025231571,
			0.0071279508,
			0.0033742765,
			0.0255584451,
			1.0,
			0.0160639881,
			0.1060225521,
			0.1000730246,
			0.1008209891,
			0.0994395579,
			0.1059767163,
			0.114263994,
			0.1011127894,
			0.1071240126,
			0.1065568318,
			0.1054252268,
			0.103010435,
			0.0814603994
		],
		[
			0.002814194,
			0.012416316,
			0.0130762003,
			0.0021681892,
			0.027063053,
			0.0074857453,
			0.0153707842,
			0.0117352164,
			0.0162714981,
			0.0050239796,
			0.0097704655,
			0.0181969036,
			-0.0024222136,
			0.0277630891,
			0.0074460392,
			0.0313709462,
			0.0481857092,
			0.0143737214,
			0.0203083268,
			0.0290199504,
			0.0111989825,
			0.0244670182,
			0.0055143876,
			0.0235923556,
			-0.0002811663,
			-0.0053121777,
			0.0024244142,
			0.0205481634,
			0.0187305374,
			0.0195293877,
			0.0273879594,
			0.0160639881,
			1.0,
			0.1047702697,
			0.1004750453,
			0.1027465693,
			0.109154509,
			0.1048757186,
			0.1081752239,
			0.1046601247,
			0.0979955645,
			0.110350157,
			0.1141933643,
			0.1029319884,
			0.0585105471
		],
		[
			0.1106577819,
			0.0984749336,
			0.0923023136,
			0.1028242117,
			0.1186849611,
			0.1152116858,
			0.1010567884,
			0.119835643,
			0.0915284783,
			0.0896490915,
			0.10894966,
			0.0822181087,
			0.0992642796,
			0.0801524549,
			0.0943987149,
			0.1142212876,
			0.0970026058,
			0.1144170013,
			0.1009207159,
			0.1099397209,
			0.0896286951,
			0.1061399485,
			0.089731478,
			0.0978699885,
			0.1066671925,
			0.0987157343,
			0.0962161461,
			0.1056207463,
			0.1030931354,
			0.1207873284,
			0.110939254,
			0.1060225521,
			0.1047702697,
			1.0,
			0.8567466039,
			0.8554340194,
			0.85289806,
			0.736677412,
			0.7906436621,
			0.8557459492,
			0.7401477009,
			0.7856073408,
			0.8540548323,
			0.8539124891,
			0.0117404268
		],
		[
			0.1090059887,
			0.0902505231,
			0.0906519054,
			0.1097076863,
			0.1074898388,
			0.1087143137,
			0.0976199911,
			0.100642441,
			0.0831076621,
			0.101181838,
			0.1060277302,
			0.0904036309,
			0.0976713658,
			0.0748322626,
			0.1050471623,
			0.1038163223,
			0.1087416603,
			0.1025550323,
			0.0973209726,
			0.1030336348,
			0.0927274821,
			0.1255458254,
			0.1001472129,
			0.1065407244,
			0.1021823876,
			0.0922431223,
			0.0983824224,
			0.106082063,
			0.0872476969,
			0.1222222482,
			0.1031293532,
			0.1000730246,
			0.1004750453,
			0.8567466039,
			1.0,
			0.7811684563,
			0.7824698227,
			0.7382957955,
			0.7899282045,
			0.7803936396,
			0.737566438,
			0.7842139804,
			0.7822803502,
			0.8545492284,
			0.0070593791
		],
		[
			0.103557212,
			0.10099214,
			0.098032872,
			0.1044002623,
			0.1350777345,
			0.1129043417,
			0.1122425939,
			0.1064462649,
			0.1104912066,
			0.0983935085,
			0.1086935742,
			0.0997916913,
			0.1054890076,
			0.0813062785,
			0.1036707779,
			0.1218465626,
			0.101126905,
			0.0997208492,
			0.0904967602,
			0.1029642938,
			0.0926246953,
			0.1019284944,
			0.0925547452,
			0.0986334357,
			0.0894074103,
			0.096305074,
			0.1111834936,
			0.103946332,
			0.1052265647,
			0.1166884363,
			0.0950079558,
			0.1008209891,
			0.1027465693,
			0.8554340194,
			0.7811684563,
			1.0,
			0.8605599764,
			0.7383016309,
			0.7924934797,
			0.9265888989,
			0.746470778,
			0.855069784,
			0.8531963428,
			0.7828314254,
			0.0112607921
		],
		[
			0.0973207887,
			0.1023904309,
			0.0853686208,
			0.0968619576,
			0.1182087077,
			0.1141955456,
			0.1119124059,
			0.1175216669,
			0.0918927853,
			0.0880171337,
			0.1077614957,
			0.0979649764,
			0.1071761658,
			0.0947298059,
			0.0992344441,
			0.1086435245,
			0.1096982374,
			0.1043929313,
			0.0865685393,
			0.1021345532,
			0.1054970528,
			0.1042918909,
			0.0814299415,
			0.1086686425,
			0.08335374,
			0.1039621176,
			0.0999822089,
			0.0975800503,
			0.0924058884,
			0.1135556773,
			0.1045733433,
			0.0994395579,
			0.109154509,
			0.85289806,
			0.7824698227,
			0.8605599764,
			1.0,
			0.7384489624,
			0.7890636592,
			0.8535914596,
			0.7355810682,
			0.7865483788,
			0.924048008,
			0.7802171028,
			0.0109359937
		],
		[
			0.0838108876,
			0.1001390572,
			0.0835619788,
			0.0901328197,
			0.1047070498,
			0.1197878954,
			0.0955161954,
			0.1016766124,
			0.0843175832,
			0.0872411152,
			0.1168153453,
			0.081616921,
			0.0832027368,
			0.0745126859,
			0.0853941758,
			0.0914674215,
			0.0923490212,
			0.1348560644,
			0.0910205172,
			0.08838661,
			0.1002199782,
			0.0872030921,
			0.0845134686,
			0.0975314479,
			0.0739878238,
			0.0862248188,
			0.0826271405,
			0.0839460386,
			0.0787743091,
			0.1088335449,
			0.0883707377,
			0.1059767163,
			0.1048757186,
			0.736677412,
			0.7382957955,
			0.7383016309,
			0.7384489624,
			1.0,
			0.8679304341,
			0.736349228,
			0.6929598619,
			0.8656930146,
			0.7354306856,
			0.7338511058,
			0.0090924391
		],
		[
			0.1072048238,
			0.1049972946,
			0.0865518205,
			0.0980250375,
			0.1192614011,
			0.124293788,
			0.1041167003,
			0.1049616945,
			0.0949836979,
			0.0895812831,
			0.1162372197,
			0.0852059547,
			0.1015609695,
			0.0751837577,
			0.0983071275,
			0.0999098414,
			0.1123443573,
			0.1234775003,
			0.092693805,
			0.1037098918,
			0.1073449002,
			0.1046685197,
			0.0860293685,
			0.0963878364,
			0.0795289604,
			0.1072048118,
			0.0944945014,
			0.0902236013,
			0.0927376515,
			0.1092067903,
			0.0894235168,
			0.114263994,
			0.1081752239,
			0.7906436621,
			0.7899282045,
			0.7924934797,
			0.7890636592,
			0.8679304341,
			1.0,
			0.7883777226,
			0.8700090623,
			0.8560212838,
			0.7878543169,
			0.8541806208,
			0.0120192928
		],
		[
			0.1049286095,
			0.0995168295,
			0.0995307899,
			0.1086234824,
			0.1319304725,
			0.1103953003,
			0.1062236233,
			0.111872427,
			0.1047678444,
			0.0968622519,
			0.1110229088,
			0.0963591544,
			0.109692781,
			0.0887360211,
			0.0911189942,
			0.125080664,
			0.1205533285,
			0.1012960021,
			0.0819863834,
			0.1062663553,
			0.0855327985,
			0.0976821842,
			0.088739618,
			0.1031494575,
			0.0900549716,
			0.0955011205,
			0.1067049338,
			0.1130128085,
			0.1033463287,
			0.1121020434,
			0.0982393916,
			0.1011127894,
			0.1046601247,
			0.8557459492,
			0.7803936396,
			0.9265888989,
			0.8535914596,
			0.736349228,
			0.7883777226,
			1.0,
			0.7378655096,
			0.8516770996,
			0.8519381215,
			0.7812190512,
			0.0073737218
		],
		[
			0.1155837613,
			0.0919777058,
			0.0834509355,
			0.0927052073,
			0.117037877,
			0.1093656392,
			0.0982745379,
			0.0927133057,
			0.0935853649,
			0.0796442948,
			0.1114703767,
			0.0724510901,
			0.0994141407,
			0.0703186678,
			0.0922601036,
			0.0960250222,
			0.112865162,
			0.1001331195,
			0.0860711681,
			0.0940025869,
			0.0953366669,
			0.105270003,
			0.0793277342,
			0.0882117137,
			0.085112861,
			0.0970714348,
			0.0940227321,
			0.0920236931,
			0.0907463992,
			0.1035485979,
			0.0829110927,
			0.1071240126,
			0.0979955645,
			0.7401477009,
			0.737566438,
			0.746470778,
			0.7355810682,
			0.6929598619,
			0.8700090623,
			0.7378655096,
			1.0,
			0.7383606408,
			0.7383788212,
			0.866123427,
			0.0092082247
		],
		[
			0.0920043209,
			0.098852045,
			0.0966395392,
			0.1016903327,
			0.1340849078,
			0.1151442731,
			0.1118753619,
			0.0983765216,
			0.101440264,
			0.1015317905,
			0.1089437787,
			0.0975727886,
			0.0906533614,
			0.0881010156,
			0.0935986428,
			0.1193507729,
			0.1014079703,
			0.1223198676,
			0.0920396423,
			0.0886974276,
			0.1013082204,
			0.1024763948,
			0.0967090286,
			0.1042526682,
			0.086359725,
			0.0890622678,
			0.1012868969,
			0.088128629,
			0.0931496873,
			0.1122618317,
			0.0823018492,
			0.1065568318,
			0.110350157,
			0.7856073408,
			0.7842139804,
			0.855069784,
			0.7865483788,
			0.8656930146,
			0.8560212838,
			0.8516770996,
			0.7383606408,
			1.0,
			0.7828996362,
			0.7842454526,
			0.0050575992
		],
		[
			0.1103705834,
			0.1058406017,
			0.091720391,
			0.104028367,
			0.1129852323,
			0.1198275577,
			0.1110752021,
			0.1195301879,
			0.0966637087,
			0.0968833909,
			0.1087731135,
			0.0964516931,
			0.1001065771,
			0.0906953417,
			0.1011410551,
			0.1134158296,
			0.1079112863,
			0.1037773977,
			0.0839618336,
			0.1030310493,
			0.0980443038,
			0.1048157502,
			0.0741887334,
			0.1112732095,
			0.0843352255,
			0.1157382598,
			0.0975443072,
			0.0952346866,
			0.0973754138,
			0.116873646,
			0.1007172632,
			0.1054252268,
			0.1141933643,
			0.8540548323,
			0.7822803502,
			0.8531963428,
			0.924048008,
			0.7354306856,
			0.7878543169,
			0.8519381215,
			0.7383788212,
			0.7828996362,
			1.0,
			0.7838394627,
			0.0106661269
		],
		[
			0.1241693488,
			0.0909158925,
			0.0895625551,
			0.100308823,
			0.1113838554,
			0.1139890933,
			0.0994389485,
			0.1183086165,
			0.0953405672,
			0.0886233526,
			0.1027755157,
			0.0834923109,
			0.0926130273,
			0.0742172552,
			0.0992140606,
			0.1053558308,
			0.1075016888,
			0.1158807441,
			0.0934106943,
			0.1055119259,
			0.0952734338,
			0.1127432859,
			0.0821913046,
			0.0931171621,
			0.1051944329,
			0.0977856965,
			0.0917176276,
			0.1051885255,
			0.0888644795,
			0.1154488701,
			0.0921013713,
			0.103010435,
			0.1029319884,
			0.8539124891,
			0.8545492284,
			0.7828314254,
			0.7802171028,
			0.7338511058,
			0.8541806208,
			0.7812190512,
			0.866123427,
			0.7842454526,
			0.7838394627,
			1.0,
			0.0095214232
		],
		[
			0.098202618,
			0.0618784786,
			0.0834371299,
			0.0501892281,
			0.0909944564,
			0.0889295926,
			0.0848940595,
			0.0560643322,
			0.068890515,
			0.1030588539,
			0.0661363293,
			0.0666161195,
			0.0797827665,
			0.0748198439,
			0.0660907371,
			0.0627297584,
			0.0542682058,
			0.0631445728,
			0.0554499375,
			0.0580249593,
			0.0547469154,
			0.1065287802,
			0.0651016159,
			0.0799346165,
			0.0579586342,
			0.0693835794,
			0.0932617618,
			0.1166110732,
			0.0611731036,
			0.0824654731,
			0.0860611856,
			0.0814603994,
			0.0585105471,
			0.0117404268,
			0.0070593791,
			0.0112607921,
			0.0109359937,
			0.0090924391,
			0.0120192928,
			0.0073737218,
			0.0092082247,
			0.0050575992,
			0.0106661269,
			0.0095214232,
			1.0
		]
	],
	"pass_fail": [
		0.43226808225729224,
		0.9910217725387316,
		0.739633216993796,
		1.1688306143779366,
		0.4673967977004203,
		0.810211146439781,
		0.4755429155300514,
		0.5152312888832954,
		0.309859032999929,
		0.5054947221665114,
		0.4540464486177849,
		0.4628920269076425,
		0.7738224981125925,
		0.4375627120022621,
		1.0766071176930492,
		0.3132253182288375,
		0.6340179356392823,
		0.30399367568158503,
		0.4290630940352482,
		0.6860941544206813,
		0.4889374465248581,
		0.4968676699082733,
		0.5403343974326703,
		0.3151054480152098,
		0.735088187331686,
		0.4532320012038337,
		0.44008754611169004,
		0.4317515512322159,
		0.5168708929535951,
		0.3591027276532594,
		0.9193936886023849,
		0.9959334915574011,
		0.758438139718056,
		1.020866029484524,
		0.5608706436106512,
		0.8128444619392927,
		0.6549806565966267,
		0.4712212056109436,
		0.6225947928870942,
		0.6894906691018594,
		0.8513168748058187,
		0.47039397255193904,
		0.5451081836869264,
		0.2778091569006994,
		0.9586293442084012,
		0.310821664673341,
		0.6112162270051379,
		1.5214950359309836,
		0.5771122421052094,
		0.473465562228777,
		0.3560451951232229,
		0.8687630421750717,
		0.6892161328594183,
		0.4324927253791686,
		0.5862607671325185,
		0.31136627945300377,
		0.3849474044195226,
		0.5671581141463982,
		0.9058494099024188,
		0.7235348131810446,
		1.111745660701762,
		0.42195335608286144,
		0.339142532102536,
		0.830150917183573,
		0.7059201004029744,
		0.7877724890979073,
		1.1476719857836146,
		0.5917653099665853,
		0.6187052231261108,
		1.0833493594162802,
		0.4625389595937058,
		0.6177992645220337,
		0.6407738995843857,
		0.3057755398355908,
		0.8342344509052713,
		0.6448451934871114,
		0.9376692578782735,
		1.077952596497477,
		0.9024030479533067,
		0.4525470685953013,
		0.5642493987835765,
		0.3352078703281247,
		0.6861762347007662,
		0.5145123670243992,
		0.7508338061889112,
		0.47857575357958365,
		0.9282310862241189,
		0.585881185889944,
		1.4021866707795918,
		0.5306066122138267,
		1.4541322436550113,
		0.6223570716283572,
		0.9177631668700719,
		0.9736463003493833,
		0.587826450044579,
		0.37994012896264096,
		0.46674501011683533,
		0.8263176710112657,
		0.8469241868770268,
		0.39318207767255575,
		0.4967507982325899,
		0.5272443509694175,
		0.4544397979876749,
		0.7819163001227937,
		0.6603517397474589,
		0.7663415086685085,
		0.4198078776903152,
		0.5754108213312814,
		0.3977040342862846,
		0.7122193821446389,
		0.3870062620281623,
		0.6406297059917445,
		0.6623343015265635,
		0.7585977221096761,
		0.3285507102170671,
		0.5209852035855269,
		0.7159843659874754,
		0.9295982899975046,
		0.24649178201218483,
		0.7275840911848271,
		0.5904035254780111,
		0.3247223813556474,
		0.6837573610964985,
		0.6107671428342071,
		0.5356327533703233,
		0.7398581442589504,
		0.5391107607809232,
		0.4013454946878001,
		0.4704552850545826,
		1.1877565757594415,
		0.38289237912303764,
		0.7710487015717665,
		0.8299856157275118,
		0.646216193547462,
		0.26166958181662825,
		0.7615247540489939,
		0.5713616153390794,
		0.7468925093498175,
		0.46334884108548696,
		1.1293266485000155,
		0.4565638041900229,
		0.5976741728971809,
		0.6138779527964666,
		0.8779079833011629,
		0.9573677575749318,
		1.3766430536553123,
		0.7211437480861177,
		0.4130368799766764,
		0.356338694358938,
		1.0193870551808417,
		0.9578803497984342,
		0.5259723583257999,
		0.7473688962907546,
		1.0040301344747142,
		0.6616459252334767,
		0.5968244514423859,
		0.5587595244367307,
		0.5292803606415646,
		0.659137503071761,
		0.3703399465589534,
		0.9719263866302409,
		0.670058057949116,
		0.7376735553630955,
		0.603353746831945,
		0.3184000966821988,
		0.7626582486492534,
		1.0208757822916148,
		0.4193727108610012,
		0.9020842843761574,
		0.7869295041181413,
		0.8151487560187517,
		0.5437219247444732,
		0.39852385423258546,
		0.3604647143965588,
		0.5393885033667305,
		0.43883112550757825,
		0.5559848333204059,
		0.9085951262104137,
		0.5857211674312232,
		0.6634541799856023,
		0.6762320606640904,
		0.3950003258317938,
		0.42894669764035864,
		0.33137858184210384,
		0.6819530309151679,
		0.3157389750594091,
		0.7090676116230265,
		0.7105394869880827,
		0.6299501559911296,
		0.377797157300696,
		0.6523215715853441,
		0.9014177939253154,
		0.694806036787489,
		0.5703810972651311,
		0.5916030003522093,
		0.6761570205291806,
		0.7659456745873369,
		1.0859485558850543,
		0.4057287061177861,
		0.45553559280301,
		0.48207148556687474,
		0.4941456986172414,
		0.7076560183293402,
		0.6600320216727034,
		0.9199806167871748,
		0.20937807808396292,
		0.45499891409692195,
		0.7551686892551353,
		0.9332966230100656,
		0.8509235180933695,
		1.1229348160690626,
		0.793465211071232,
		0.6494104467150542,
		0.837757199569091,
		0.655518455669568,
		0.9359574111595536,
		0.2937973825519282,
		0.9433333475228205,
		0.425602846125678,
		0.6536876128316922,
		0.9568108197791456,
		1.026594230401441,
		0.30982981348492517,
		0.38138107795584014,
		0.6268892586689988,
		1.1819070165229972,
		0.7281364476852137,
		0.853377092116347,
		0.6446752719949643,
		0.7176856478325515,
		0.3275628939246016,
		0.8458457910066168,
		0.3743096054006107,
		0.39250842870363073,
		0.6217790866289573,
		0.6985781625883174,
		1.0159269617647761,
		0.5687697388194485,
		0.5563836878161407,
		0.6945936798337674,
		0.4392566861673925,
		0.6015535085541818,
		0.7353406628929192,
		1.055779318297711,
		0.3226716193201071,
		1.1022519968522213,
		0.6212577491751218,
		1.102091164319489,
		1.3800842224251018,
		0.9178650901391173,
		0.6283738586710036,
		1.2005202240745128,
		1.2001495442944041,
